4096
0 0
0 512
0 1024
0 1536
0 2048
0 2560
0 3072
0 3584
0 4096
0 4608
0 5120
0 5632
0 6144
0 6656
0 7168
0 7680
0 8192
0 8704
0 9216
0 9728
0 10240
0 10752
0 11264
0 11776
0 12288
0 12800
0 13312
0 13824
0 14336
0 14848
0 15360
0 15872
0 16384
0 16896
0 17408
0 17920
0 18432
0 18944
0 19456
0 19968
0 20480
0 20992
0 21504
0 22016
0 22528
0 23040
0 23552
0 24064
0 24576
0 25088
0 25600
0 26112
0 26624
0 27136
0 27648
0 28160
0 28672
0 29184
0 29696
0 30208
0 30720
0 31232
0 31744
0 32256
512 0
512 512
512 1024
512 1536
512 2048
512 2560
512 3072
512 3584
512 4096
512 4608
512 5120
512 5632
512 6144
512 6656
512 7168
512 7680
512 8192
512 8704
512 9216
512 9728
512 10240
512 10752
512 11264
512 11776
512 12288
512 12800
512 13312
512 13824
512 14336
512 14848
512 15360
512 15872
512 16384
512 16896
512 17408
512 17920
512 18432
512 18944
512 19456
512 19968
512 20480
512 20992
512 21504
512 22016
512 22528
512 23040
512 23552
512 24064
512 24576
512 25088
512 25600
512 26112
512 26624
512 27136
512 27648
512 28160
512 28672
512 29184
512 29696
512 30208
512 30720
512 31232
512 31744
512 32256
1024 0
1024 512
1024 1024
1024 1536
1024 2048
1024 2560
1024 3072
1024 3584
1024 4096
1024 4608
1024 5120
1024 5632
1024 6144
1024 6656
1024 7168
1024 7680
1024 8192
1024 8704
1024 9216
1024 9728
1024 10240
1024 10752
1024 11264
1024 11776
1024 12288
1024 12800
1024 13312
1024 13824
1024 14336
1024 14848
1024 15360
1024 15872
1024 16384
1024 16896
1024 17408
1024 17920
1024 18432
1024 18944
1024 19456
1024 19968
1024 20480
1024 20992
1024 21504
1024 22016
1024 22528
1024 23040
1024 23552
1024 24064
1024 24576
1024 25088
1024 25600
1024 26112
1024 26624
1024 27136
1024 27648
1024 28160
1024 28672
1024 29184
1024 29696
1024 30208
1024 30720
1024 31232
1024 31744
1024 32256
1536 0
1536 512
1536 1024
1536 1536
1536 2048
1536 2560
1536 3072
1536 3584
1536 4096
1536 4608
1536 5120
1536 5632
1536 6144
1536 6656
1536 7168
1536 7680
1536 8192
1536 8704
1536 9216
1536 9728
1536 10240
1536 10752
1536 11264
1536 11776
1536 12288
1536 12800
1536 13312
1536 13824
1536 14336
1536 14848
1536 15360
1536 15872
1536 16384
1536 16896
1536 17408
1536 17920
1536 18432
1536 18944
1536 19456
1536 19968
1536 20480
1536 20992
1536 21504
1536 22016
1536 22528
1536 23040
1536 23552
1536 24064
1536 24576
1536 25088
1536 25600
1536 26112
1536 26624
1536 27136
1536 27648
1536 28160
1536 28672
1536 29184
1536 29696
1536 30208
1536 30720
1536 31232
1536 31744
1536 32256
2048 0
2048 512
2048 1024
2048 1536
2048 2048
2048 2560
2048 3072
2048 3584
2048 4096
2048 4608
2048 5120
2048 5632
2048 6144
2048 6656
2048 7168
2048 7680
2048 8192
2048 8704
2048 9216
2048 9728
2048 10240
2048 10752
2048 11264
2048 11776
2048 12288
2048 12800
2048 13312
2048 13824
2048 14336
2048 14848
2048 15360
2048 15872
2048 16384
2048 16896
2048 17408
2048 17920
2048 18432
2048 18944
2048 19456
2048 19968
2048 20480
2048 20992
2048 21504
2048 22016
2048 22528
2048 23040
2048 23552
2048 24064
2048 24576
2048 25088
2048 25600
2048 26112
2048 26624
2048 27136
2048 27648
2048 28160
2048 28672
2048 29184
2048 29696
2048 30208
2048 30720
2048 31232
2048 31744
2048 32256
2560 0
2560 512
2560 1024
2560 1536
2560 2048
2560 2560
2560 3072
2560 3584
2560 4096
2560 4608
2560 5120
2560 5632
2560 6144
2560 6656
2560 7168
2560 7680
2560 8192
2560 8704
2560 9216
2560 9728
2560 10240
2560 10752
2560 11264
2560 11776
2560 12288
2560 12800
2560 13312
2560 13824
2560 14336
2560 14848
2560 15360
2560 15872
2560 16384
2560 16896
2560 17408
2560 17920
2560 18432
2560 18944
2560 19456
2560 19968
2560 20480
2560 20992
2560 21504
2560 22016
2560 22528
2560 23040
2560 23552
2560 24064
2560 24576
2560 25088
2560 25600
2560 26112
2560 26624
2560 27136
2560 27648
2560 28160
2560 28672
2560 29184
2560 29696
2560 30208
2560 30720
2560 31232
2560 31744
2560 32256
3072 0
3072 512
3072 1024
3072 1536
3072 2048
3072 2560
3072 3072
3072 3584
3072 4096
3072 4608
3072 5120
3072 5632
3072 6144
3072 6656
3072 7168
3072 7680
3072 8192
3072 8704
3072 9216
3072 9728
3072 10240
3072 10752
3072 11264
3072 11776
3072 12288
3072 12800
3072 13312
3072 13824
3072 14336
3072 14848
3072 15360
3072 15872
3072 16384
3072 16896
3072 17408
3072 17920
3072 18432
3072 18944
3072 19456
3072 19968
3072 20480
3072 20992
3072 21504
3072 22016
3072 22528
3072 23040
3072 23552
3072 24064
3072 24576
3072 25088
3072 25600
3072 26112
3072 26624
3072 27136
3072 27648
3072 28160
3072 28672
3072 29184
3072 29696
3072 30208
3072 30720
3072 31232
3072 31744
3072 32256
3584 0
3584 512
3584 1024
3584 1536
3584 2048
3584 2560
3584 3072
3584 3584
3584 4096
3584 4608
3584 5120
3584 5632
3584 6144
3584 6656
3584 7168
3584 7680
3584 8192
3584 8704
3584 9216
3584 9728
3584 10240
3584 10752
3584 11264
3584 11776
3584 12288
3584 12800
3584 13312
3584 13824
3584 14336
3584 14848
3584 15360
3584 15872
3584 16384
3584 16896
3584 17408
3584 17920
3584 18432
3584 18944
3584 19456
3584 19968
3584 20480
3584 20992
3584 21504
3584 22016
3584 22528
3584 23040
3584 23552
3584 24064
3584 24576
3584 25088
3584 25600
3584 26112
3584 26624
3584 27136
3584 27648
3584 28160
3584 28672
3584 29184
3584 29696
3584 30208
3584 30720
3584 31232
3584 31744
3584 32256
4096 0
4096 512
4096 1024
4096 1536
4096 2048
4096 2560
4096 3072
4096 3584
4096 4096
4096 4608
4096 5120
4096 5632
4096 6144
4096 6656
4096 7168
4096 7680
4096 8192
4096 8704
4096 9216
4096 9728
4096 10240
4096 10752
4096 11264
4096 11776
4096 12288
4096 12800
4096 13312
4096 13824
4096 14336
4096 14848
4096 15360
4096 15872
4096 16384
4096 16896
4096 17408
4096 17920
4096 18432
4096 18944
4096 19456
4096 19968
4096 20480
4096 20992
4096 21504
4096 22016
4096 22528
4096 23040
4096 23552
4096 24064
4096 24576
4096 25088
4096 25600
4096 26112
4096 26624
4096 27136
4096 27648
4096 28160
4096 28672
4096 29184
4096 29696
4096 30208
4096 30720
4096 31232
4096 31744
4096 32256
4608 0
4608 512
4608 1024
4608 1536
4608 2048
4608 2560
4608 3072
4608 3584
4608 4096
4608 4608
4608 5120
4608 5632
4608 6144
4608 6656
4608 7168
4608 7680
4608 8192
4608 8704
4608 9216
4608 9728
4608 10240
4608 10752
4608 11264
4608 11776
4608 12288
4608 12800
4608 13312
4608 13824
4608 14336
4608 14848
4608 15360
4608 15872
4608 16384
4608 16896
4608 17408
4608 17920
4608 18432
4608 18944
4608 19456
4608 19968
4608 20480
4608 20992
4608 21504
4608 22016
4608 22528
4608 23040
4608 23552
4608 24064
4608 24576
4608 25088
4608 25600
4608 26112
4608 26624
4608 27136
4608 27648
4608 28160
4608 28672
4608 29184
4608 29696
4608 30208
4608 30720
4608 31232
4608 31744
4608 32256
5120 0
5120 512
5120 1024
5120 1536
5120 2048
5120 2560
5120 3072
5120 3584
5120 4096
5120 4608
5120 5120
5120 5632
5120 6144
5120 6656
5120 7168
5120 7680
5120 8192
5120 8704
5120 9216
5120 9728
5120 10240
5120 10752
5120 11264
5120 11776
5120 12288
5120 12800
5120 13312
5120 13824
5120 14336
5120 14848
5120 15360
5120 15872
5120 16384
5120 16896
5120 17408
5120 17920
5120 18432
5120 18944
5120 19456
5120 19968
5120 20480
5120 20992
5120 21504
5120 22016
5120 22528
5120 23040
5120 23552
5120 24064
5120 24576
5120 25088
5120 25600
5120 26112
5120 26624
5120 27136
5120 27648
5120 28160
5120 28672
5120 29184
5120 29696
5120 30208
5120 30720
5120 31232
5120 31744
5120 32256
5632 0
5632 512
5632 1024
5632 1536
5632 2048
5632 2560
5632 3072
5632 3584
5632 4096
5632 4608
5632 5120
5632 5632
5632 6144
5632 6656
5632 7168
5632 7680
5632 8192
5632 8704
5632 9216
5632 9728
5632 10240
5632 10752
5632 11264
5632 11776
5632 12288
5632 12800
5632 13312
5632 13824
5632 14336
5632 14848
5632 15360
5632 15872
5632 16384
5632 16896
5632 17408
5632 17920
5632 18432
5632 18944
5632 19456
5632 19968
5632 20480
5632 20992
5632 21504
5632 22016
5632 22528
5632 23040
5632 23552
5632 24064
5632 24576
5632 25088
5632 25600
5632 26112
5632 26624
5632 27136
5632 27648
5632 28160
5632 28672
5632 29184
5632 29696
5632 30208
5632 30720
5632 31232
5632 31744
5632 32256
6144 0
6144 512
6144 1024
6144 1536
6144 2048
6144 2560
6144 3072
6144 3584
6144 4096
6144 4608
6144 5120
6144 5632
6144 6144
6144 6656
6144 7168
6144 7680
6144 8192
6144 8704
6144 9216
6144 9728
6144 10240
6144 10752
6144 11264
6144 11776
6144 12288
6144 12800
6144 13312
6144 13824
6144 14336
6144 14848
6144 15360
6144 15872
6144 16384
6144 16896
6144 17408
6144 17920
6144 18432
6144 18944
6144 19456
6144 19968
6144 20480
6144 20992
6144 21504
6144 22016
6144 22528
6144 23040
6144 23552
6144 24064
6144 24576
6144 25088
6144 25600
6144 26112
6144 26624
6144 27136
6144 27648
6144 28160
6144 28672
6144 29184
6144 29696
6144 30208
6144 30720
6144 31232
6144 31744
6144 32256
6656 0
6656 512
6656 1024
6656 1536
6656 2048
6656 2560
6656 3072
6656 3584
6656 4096
6656 4608
6656 5120
6656 5632
6656 6144
6656 6656
6656 7168
6656 7680
6656 8192
6656 8704
6656 9216
6656 9728
6656 10240
6656 10752
6656 11264
6656 11776
6656 12288
6656 12800
6656 13312
6656 13824
6656 14336
6656 14848
6656 15360
6656 15872
6656 16384
6656 16896
6656 17408
6656 17920
6656 18432
6656 18944
6656 19456
6656 19968
6656 20480
6656 20992
6656 21504
6656 22016
6656 22528
6656 23040
6656 23552
6656 24064
6656 24576
6656 25088
6656 25600
6656 26112
6656 26624
6656 27136
6656 27648
6656 28160
6656 28672
6656 29184
6656 29696
6656 30208
6656 30720
6656 31232
6656 31744
6656 32256
7168 0
7168 512
7168 1024
7168 1536
7168 2048
7168 2560
7168 3072
7168 3584
7168 4096
7168 4608
7168 5120
7168 5632
7168 6144
7168 6656
7168 7168
7168 7680
7168 8192
7168 8704
7168 9216
7168 9728
7168 10240
7168 10752
7168 11264
7168 11776
7168 12288
7168 12800
7168 13312
7168 13824
7168 14336
7168 14848
7168 15360
7168 15872
7168 16384
7168 16896
7168 17408
7168 17920
7168 18432
7168 18944
7168 19456
7168 19968
7168 20480
7168 20992
7168 21504
7168 22016
7168 22528
7168 23040
7168 23552
7168 24064
7168 24576
7168 25088
7168 25600
7168 26112
7168 26624
7168 27136
7168 27648
7168 28160
7168 28672
7168 29184
7168 29696
7168 30208
7168 30720
7168 31232
7168 31744
7168 32256
7680 0
7680 512
7680 1024
7680 1536
7680 2048
7680 2560
7680 3072
7680 3584
7680 4096
7680 4608
7680 5120
7680 5632
7680 6144
7680 6656
7680 7168
7680 7680
7680 8192
7680 8704
7680 9216
7680 9728
7680 10240
7680 10752
7680 11264
7680 11776
7680 12288
7680 12800
7680 13312
7680 13824
7680 14336
7680 14848
7680 15360
7680 15872
7680 16384
7680 16896
7680 17408
7680 17920
7680 18432
7680 18944
7680 19456
7680 19968
7680 20480
7680 20992
7680 21504
7680 22016
7680 22528
7680 23040
7680 23552
7680 24064
7680 24576
7680 25088
7680 25600
7680 26112
7680 26624
7680 27136
7680 27648
7680 28160
7680 28672
7680 29184
7680 29696
7680 30208
7680 30720
7680 31232
7680 31744
7680 32256
8192 0
8192 512
8192 1024
8192 1536
8192 2048
8192 2560
8192 3072
8192 3584
8192 4096
8192 4608
8192 5120
8192 5632
8192 6144
8192 6656
8192 7168
8192 7680
8192 8192
8192 8704
8192 9216
8192 9728
8192 10240
8192 10752
8192 11264
8192 11776
8192 12288
8192 12800
8192 13312
8192 13824
8192 14336
8192 14848
8192 15360
8192 15872
8192 16384
8192 16896
8192 17408
8192 17920
8192 18432
8192 18944
8192 19456
8192 19968
8192 20480
8192 20992
8192 21504
8192 22016
8192 22528
8192 23040
8192 23552
8192 24064
8192 24576
8192 25088
8192 25600
8192 26112
8192 26624
8192 27136
8192 27648
8192 28160
8192 28672
8192 29184
8192 29696
8192 30208
8192 30720
8192 31232
8192 31744
8192 32256
8704 0
8704 512
8704 1024
8704 1536
8704 2048
8704 2560
8704 3072
8704 3584
8704 4096
8704 4608
8704 5120
8704 5632
8704 6144
8704 6656
8704 7168
8704 7680
8704 8192
8704 8704
8704 9216
8704 9728
8704 10240
8704 10752
8704 11264
8704 11776
8704 12288
8704 12800
8704 13312
8704 13824
8704 14336
8704 14848
8704 15360
8704 15872
8704 16384
8704 16896
8704 17408
8704 17920
8704 18432
8704 18944
8704 19456
8704 19968
8704 20480
8704 20992
8704 21504
8704 22016
8704 22528
8704 23040
8704 23552
8704 24064
8704 24576
8704 25088
8704 25600
8704 26112
8704 26624
8704 27136
8704 27648
8704 28160
8704 28672
8704 29184
8704 29696
8704 30208
8704 30720
8704 31232
8704 31744
8704 32256
9216 0
9216 512
9216 1024
9216 1536
9216 2048
9216 2560
9216 3072
9216 3584
9216 4096
9216 4608
9216 5120
9216 5632
9216 6144
9216 6656
9216 7168
9216 7680
9216 8192
9216 8704
9216 9216
9216 9728
9216 10240
9216 10752
9216 11264
9216 11776
9216 12288
9216 12800
9216 13312
9216 13824
9216 14336
9216 14848
9216 15360
9216 15872
9216 16384
9216 16896
9216 17408
9216 17920
9216 18432
9216 18944
9216 19456
9216 19968
9216 20480
9216 20992
9216 21504
9216 22016
9216 22528
9216 23040
9216 23552
9216 24064
9216 24576
9216 25088
9216 25600
9216 26112
9216 26624
9216 27136
9216 27648
9216 28160
9216 28672
9216 29184
9216 29696
9216 30208
9216 30720
9216 31232
9216 31744
9216 32256
9728 0
9728 512
9728 1024
9728 1536
9728 2048
9728 2560
9728 3072
9728 3584
9728 4096
9728 4608
9728 5120
9728 5632
9728 6144
9728 6656
9728 7168
9728 7680
9728 8192
9728 8704
9728 9216
9728 9728
9728 10240
9728 10752
9728 11264
9728 11776
9728 12288
9728 12800
9728 13312
9728 13824
9728 14336
9728 14848
9728 15360
9728 15872
9728 16384
9728 16896
9728 17408
9728 17920
9728 18432
9728 18944
9728 19456
9728 19968
9728 20480
9728 20992
9728 21504
9728 22016
9728 22528
9728 23040
9728 23552
9728 24064
9728 24576
9728 25088
9728 25600
9728 26112
9728 26624
9728 27136
9728 27648
9728 28160
9728 28672
9728 29184
9728 29696
9728 30208
9728 30720
9728 31232
9728 31744
9728 32256
10240 0
10240 512
10240 1024
10240 1536
10240 2048
10240 2560
10240 3072
10240 3584
10240 4096
10240 4608
10240 5120
10240 5632
10240 6144
10240 6656
10240 7168
10240 7680
10240 8192
10240 8704
10240 9216
10240 9728
10240 10240
10240 10752
10240 11264
10240 11776
10240 12288
10240 12800
10240 13312
10240 13824
10240 14336
10240 14848
10240 15360
10240 15872
10240 16384
10240 16896
10240 17408
10240 17920
10240 18432
10240 18944
10240 19456
10240 19968
10240 20480
10240 20992
10240 21504
10240 22016
10240 22528
10240 23040
10240 23552
10240 24064
10240 24576
10240 25088
10240 25600
10240 26112
10240 26624
10240 27136
10240 27648
10240 28160
10240 28672
10240 29184
10240 29696
10240 30208
10240 30720
10240 31232
10240 31744
10240 32256
10752 0
10752 512
10752 1024
10752 1536
10752 2048
10752 2560
10752 3072
10752 3584
10752 4096
10752 4608
10752 5120
10752 5632
10752 6144
10752 6656
10752 7168
10752 7680
10752 8192
10752 8704
10752 9216
10752 9728
10752 10240
10752 10752
10752 11264
10752 11776
10752 12288
10752 12800
10752 13312
10752 13824
10752 14336
10752 14848
10752 15360
10752 15872
10752 16384
10752 16896
10752 17408
10752 17920
10752 18432
10752 18944
10752 19456
10752 19968
10752 20480
10752 20992
10752 21504
10752 22016
10752 22528
10752 23040
10752 23552
10752 24064
10752 24576
10752 25088
10752 25600
10752 26112
10752 26624
10752 27136
10752 27648
10752 28160
10752 28672
10752 29184
10752 29696
10752 30208
10752 30720
10752 31232
10752 31744
10752 32256
11264 0
11264 512
11264 1024
11264 1536
11264 2048
11264 2560
11264 3072
11264 3584
11264 4096
11264 4608
11264 5120
11264 5632
11264 6144
11264 6656
11264 7168
11264 7680
11264 8192
11264 8704
11264 9216
11264 9728
11264 10240
11264 10752
11264 11264
11264 11776
11264 12288
11264 12800
11264 13312
11264 13824
11264 14336
11264 14848
11264 15360
11264 15872
11264 16384
11264 16896
11264 17408
11264 17920
11264 18432
11264 18944
11264 19456
11264 19968
11264 20480
11264 20992
11264 21504
11264 22016
11264 22528
11264 23040
11264 23552
11264 24064
11264 24576
11264 25088
11264 25600
11264 26112
11264 26624
11264 27136
11264 27648
11264 28160
11264 28672
11264 29184
11264 29696
11264 30208
11264 30720
11264 31232
11264 31744
11264 32256
11776 0
11776 512
11776 1024
11776 1536
11776 2048
11776 2560
11776 3072
11776 3584
11776 4096
11776 4608
11776 5120
11776 5632
11776 6144
11776 6656
11776 7168
11776 7680
11776 8192
11776 8704
11776 9216
11776 9728
11776 10240
11776 10752
11776 11264
11776 11776
11776 12288
11776 12800
11776 13312
11776 13824
11776 14336
11776 14848
11776 15360
11776 15872
11776 16384
11776 16896
11776 17408
11776 17920
11776 18432
11776 18944
11776 19456
11776 19968
11776 20480
11776 20992
11776 21504
11776 22016
11776 22528
11776 23040
11776 23552
11776 24064
11776 24576
11776 25088
11776 25600
11776 26112
11776 26624
11776 27136
11776 27648
11776 28160
11776 28672
11776 29184
11776 29696
11776 30208
11776 30720
11776 31232
11776 31744
11776 32256
12288 0
12288 512
12288 1024
12288 1536
12288 2048
12288 2560
12288 3072
12288 3584
12288 4096
12288 4608
12288 5120
12288 5632
12288 6144
12288 6656
12288 7168
12288 7680
12288 8192
12288 8704
12288 9216
12288 9728
12288 10240
12288 10752
12288 11264
12288 11776
12288 12288
12288 12800
12288 13312
12288 13824
12288 14336
12288 14848
12288 15360
12288 15872
12288 16384
12288 16896
12288 17408
12288 17920
12288 18432
12288 18944
12288 19456
12288 19968
12288 20480
12288 20992
12288 21504
12288 22016
12288 22528
12288 23040
12288 23552
12288 24064
12288 24576
12288 25088
12288 25600
12288 26112
12288 26624
12288 27136
12288 27648
12288 28160
12288 28672
12288 29184
12288 29696
12288 30208
12288 30720
12288 31232
12288 31744
12288 32256
12800 0
12800 512
12800 1024
12800 1536
12800 2048
12800 2560
12800 3072
12800 3584
12800 4096
12800 4608
12800 5120
12800 5632
12800 6144
12800 6656
12800 7168
12800 7680
12800 8192
12800 8704
12800 9216
12800 9728
12800 10240
12800 10752
12800 11264
12800 11776
12800 12288
12800 12800
12800 13312
12800 13824
12800 14336
12800 14848
12800 15360
12800 15872
12800 16384
12800 16896
12800 17408
12800 17920
12800 18432
12800 18944
12800 19456
12800 19968
12800 20480
12800 20992
12800 21504
12800 22016
12800 22528
12800 23040
12800 23552
12800 24064
12800 24576
12800 25088
12800 25600
12800 26112
12800 26624
12800 27136
12800 27648
12800 28160
12800 28672
12800 29184
12800 29696
12800 30208
12800 30720
12800 31232
12800 31744
12800 32256
13312 0
13312 512
13312 1024
13312 1536
13312 2048
13312 2560
13312 3072
13312 3584
13312 4096
13312 4608
13312 5120
13312 5632
13312 6144
13312 6656
13312 7168
13312 7680
13312 8192
13312 8704
13312 9216
13312 9728
13312 10240
13312 10752
13312 11264
13312 11776
13312 12288
13312 12800
13312 13312
13312 13824
13312 14336
13312 14848
13312 15360
13312 15872
13312 16384
13312 16896
13312 17408
13312 17920
13312 18432
13312 18944
13312 19456
13312 19968
13312 20480
13312 20992
13312 21504
13312 22016
13312 22528
13312 23040
13312 23552
13312 24064
13312 24576
13312 25088
13312 25600
13312 26112
13312 26624
13312 27136
13312 27648
13312 28160
13312 28672
13312 29184
13312 29696
13312 30208
13312 30720
13312 31232
13312 31744
13312 32256
13824 0
13824 512
13824 1024
13824 1536
13824 2048
13824 2560
13824 3072
13824 3584
13824 4096
13824 4608
13824 5120
13824 5632
13824 6144
13824 6656
13824 7168
13824 7680
13824 8192
13824 8704
13824 9216
13824 9728
13824 10240
13824 10752
13824 11264
13824 11776
13824 12288
13824 12800
13824 13312
13824 13824
13824 14336
13824 14848
13824 15360
13824 15872
13824 16384
13824 16896
13824 17408
13824 17920
13824 18432
13824 18944
13824 19456
13824 19968
13824 20480
13824 20992
13824 21504
13824 22016
13824 22528
13824 23040
13824 23552
13824 24064
13824 24576
13824 25088
13824 25600
13824 26112
13824 26624
13824 27136
13824 27648
13824 28160
13824 28672
13824 29184
13824 29696
13824 30208
13824 30720
13824 31232
13824 31744
13824 32256
14336 0
14336 512
14336 1024
14336 1536
14336 2048
14336 2560
14336 3072
14336 3584
14336 4096
14336 4608
14336 5120
14336 5632
14336 6144
14336 6656
14336 7168
14336 7680
14336 8192
14336 8704
14336 9216
14336 9728
14336 10240
14336 10752
14336 11264
14336 11776
14336 12288
14336 12800
14336 13312
14336 13824
14336 14336
14336 14848
14336 15360
14336 15872
14336 16384
14336 16896
14336 17408
14336 17920
14336 18432
14336 18944
14336 19456
14336 19968
14336 20480
14336 20992
14336 21504
14336 22016
14336 22528
14336 23040
14336 23552
14336 24064
14336 24576
14336 25088
14336 25600
14336 26112
14336 26624
14336 27136
14336 27648
14336 28160
14336 28672
14336 29184
14336 29696
14336 30208
14336 30720
14336 31232
14336 31744
14336 32256
14848 0
14848 512
14848 1024
14848 1536
14848 2048
14848 2560
14848 3072
14848 3584
14848 4096
14848 4608
14848 5120
14848 5632
14848 6144
14848 6656
14848 7168
14848 7680
14848 8192
14848 8704
14848 9216
14848 9728
14848 10240
14848 10752
14848 11264
14848 11776
14848 12288
14848 12800
14848 13312
14848 13824
14848 14336
14848 14848
14848 15360
14848 15872
14848 16384
14848 16896
14848 17408
14848 17920
14848 18432
14848 18944
14848 19456
14848 19968
14848 20480
14848 20992
14848 21504
14848 22016
14848 22528
14848 23040
14848 23552
14848 24064
14848 24576
14848 25088
14848 25600
14848 26112
14848 26624
14848 27136
14848 27648
14848 28160
14848 28672
14848 29184
14848 29696
14848 30208
14848 30720
14848 31232
14848 31744
14848 32256
15360 0
15360 512
15360 1024
15360 1536
15360 2048
15360 2560
15360 3072
15360 3584
15360 4096
15360 4608
15360 5120
15360 5632
15360 6144
15360 6656
15360 7168
15360 7680
15360 8192
15360 8704
15360 9216
15360 9728
15360 10240
15360 10752
15360 11264
15360 11776
15360 12288
15360 12800
15360 13312
15360 13824
15360 14336
15360 14848
15360 15360
15360 15872
15360 16384
15360 16896
15360 17408
15360 17920
15360 18432
15360 18944
15360 19456
15360 19968
15360 20480
15360 20992
15360 21504
15360 22016
15360 22528
15360 23040
15360 23552
15360 24064
15360 24576
15360 25088
15360 25600
15360 26112
15360 26624
15360 27136
15360 27648
15360 28160
15360 28672
15360 29184
15360 29696
15360 30208
15360 30720
15360 31232
15360 31744
15360 32256
15872 0
15872 512
15872 1024
15872 1536
15872 2048
15872 2560
15872 3072
15872 3584
15872 4096
15872 4608
15872 5120
15872 5632
15872 6144
15872 6656
15872 7168
15872 7680
15872 8192
15872 8704
15872 9216
15872 9728
15872 10240
15872 10752
15872 11264
15872 11776
15872 12288
15872 12800
15872 13312
15872 13824
15872 14336
15872 14848
15872 15360
15872 15872
15872 16384
15872 16896
15872 17408
15872 17920
15872 18432
15872 18944
15872 19456
15872 19968
15872 20480
15872 20992
15872 21504
15872 22016
15872 22528
15872 23040
15872 23552
15872 24064
15872 24576
15872 25088
15872 25600
15872 26112
15872 26624
15872 27136
15872 27648
15872 28160
15872 28672
15872 29184
15872 29696
15872 30208
15872 30720
15872 31232
15872 31744
15872 32256
16384 0
16384 512
16384 1024
16384 1536
16384 2048
16384 2560
16384 3072
16384 3584
16384 4096
16384 4608
16384 5120
16384 5632
16384 6144
16384 6656
16384 7168
16384 7680
16384 8192
16384 8704
16384 9216
16384 9728
16384 10240
16384 10752
16384 11264
16384 11776
16384 12288
16384 12800
16384 13312
16384 13824
16384 14336
16384 14848
16384 15360
16384 15872
16384 16384
16384 16896
16384 17408
16384 17920
16384 18432
16384 18944
16384 19456
16384 19968
16384 20480
16384 20992
16384 21504
16384 22016
16384 22528
16384 23040
16384 23552
16384 24064
16384 24576
16384 25088
16384 25600
16384 26112
16384 26624
16384 27136
16384 27648
16384 28160
16384 28672
16384 29184
16384 29696
16384 30208
16384 30720
16384 31232
16384 31744
16384 32256
16896 0
16896 512
16896 1024
16896 1536
16896 2048
16896 2560
16896 3072
16896 3584
16896 4096
16896 4608
16896 5120
16896 5632
16896 6144
16896 6656
16896 7168
16896 7680
16896 8192
16896 8704
16896 9216
16896 9728
16896 10240
16896 10752
16896 11264
16896 11776
16896 12288
16896 12800
16896 13312
16896 13824
16896 14336
16896 14848
16896 15360
16896 15872
16896 16384
16896 16896
16896 17408
16896 17920
16896 18432
16896 18944
16896 19456
16896 19968
16896 20480
16896 20992
16896 21504
16896 22016
16896 22528
16896 23040
16896 23552
16896 24064
16896 24576
16896 25088
16896 25600
16896 26112
16896 26624
16896 27136
16896 27648
16896 28160
16896 28672
16896 29184
16896 29696
16896 30208
16896 30720
16896 31232
16896 31744
16896 32256
17408 0
17408 512
17408 1024
17408 1536
17408 2048
17408 2560
17408 3072
17408 3584
17408 4096
17408 4608
17408 5120
17408 5632
17408 6144
17408 6656
17408 7168
17408 7680
17408 8192
17408 8704
17408 9216
17408 9728
17408 10240
17408 10752
17408 11264
17408 11776
17408 12288
17408 12800
17408 13312
17408 13824
17408 14336
17408 14848
17408 15360
17408 15872
17408 16384
17408 16896
17408 17408
17408 17920
17408 18432
17408 18944
17408 19456
17408 19968
17408 20480
17408 20992
17408 21504
17408 22016
17408 22528
17408 23040
17408 23552
17408 24064
17408 24576
17408 25088
17408 25600
17408 26112
17408 26624
17408 27136
17408 27648
17408 28160
17408 28672
17408 29184
17408 29696
17408 30208
17408 30720
17408 31232
17408 31744
17408 32256
17920 0
17920 512
17920 1024
17920 1536
17920 2048
17920 2560
17920 3072
17920 3584
17920 4096
17920 4608
17920 5120
17920 5632
17920 6144
17920 6656
17920 7168
17920 7680
17920 8192
17920 8704
17920 9216
17920 9728
17920 10240
17920 10752
17920 11264
17920 11776
17920 12288
17920 12800
17920 13312
17920 13824
17920 14336
17920 14848
17920 15360
17920 15872
17920 16384
17920 16896
17920 17408
17920 17920
17920 18432
17920 18944
17920 19456
17920 19968
17920 20480
17920 20992
17920 21504
17920 22016
17920 22528
17920 23040
17920 23552
17920 24064
17920 24576
17920 25088
17920 25600
17920 26112
17920 26624
17920 27136
17920 27648
17920 28160
17920 28672
17920 29184
17920 29696
17920 30208
17920 30720
17920 31232
17920 31744
17920 32256
18432 0
18432 512
18432 1024
18432 1536
18432 2048
18432 2560
18432 3072
18432 3584
18432 4096
18432 4608
18432 5120
18432 5632
18432 6144
18432 6656
18432 7168
18432 7680
18432 8192
18432 8704
18432 9216
18432 9728
18432 10240
18432 10752
18432 11264
18432 11776
18432 12288
18432 12800
18432 13312
18432 13824
18432 14336
18432 14848
18432 15360
18432 15872
18432 16384
18432 16896
18432 17408
18432 17920
18432 18432
18432 18944
18432 19456
18432 19968
18432 20480
18432 20992
18432 21504
18432 22016
18432 22528
18432 23040
18432 23552
18432 24064
18432 24576
18432 25088
18432 25600
18432 26112
18432 26624
18432 27136
18432 27648
18432 28160
18432 28672
18432 29184
18432 29696
18432 30208
18432 30720
18432 31232
18432 31744
18432 32256
18944 0
18944 512
18944 1024
18944 1536
18944 2048
18944 2560
18944 3072
18944 3584
18944 4096
18944 4608
18944 5120
18944 5632
18944 6144
18944 6656
18944 7168
18944 7680
18944 8192
18944 8704
18944 9216
18944 9728
18944 10240
18944 10752
18944 11264
18944 11776
18944 12288
18944 12800
18944 13312
18944 13824
18944 14336
18944 14848
18944 15360
18944 15872
18944 16384
18944 16896
18944 17408
18944 17920
18944 18432
18944 18944
18944 19456
18944 19968
18944 20480
18944 20992
18944 21504
18944 22016
18944 22528
18944 23040
18944 23552
18944 24064
18944 24576
18944 25088
18944 25600
18944 26112
18944 26624
18944 27136
18944 27648
18944 28160
18944 28672
18944 29184
18944 29696
18944 30208
18944 30720
18944 31232
18944 31744
18944 32256
19456 0
19456 512
19456 1024
19456 1536
19456 2048
19456 2560
19456 3072
19456 3584
19456 4096
19456 4608
19456 5120
19456 5632
19456 6144
19456 6656
19456 7168
19456 7680
19456 8192
19456 8704
19456 9216
19456 9728
19456 10240
19456 10752
19456 11264
19456 11776
19456 12288
19456 12800
19456 13312
19456 13824
19456 14336
19456 14848
19456 15360
19456 15872
19456 16384
19456 16896
19456 17408
19456 17920
19456 18432
19456 18944
19456 19456
19456 19968
19456 20480
19456 20992
19456 21504
19456 22016
19456 22528
19456 23040
19456 23552
19456 24064
19456 24576
19456 25088
19456 25600
19456 26112
19456 26624
19456 27136
19456 27648
19456 28160
19456 28672
19456 29184
19456 29696
19456 30208
19456 30720
19456 31232
19456 31744
19456 32256
19968 0
19968 512
19968 1024
19968 1536
19968 2048
19968 2560
19968 3072
19968 3584
19968 4096
19968 4608
19968 5120
19968 5632
19968 6144
19968 6656
19968 7168
19968 7680
19968 8192
19968 8704
19968 9216
19968 9728
19968 10240
19968 10752
19968 11264
19968 11776
19968 12288
19968 12800
19968 13312
19968 13824
19968 14336
19968 14848
19968 15360
19968 15872
19968 16384
19968 16896
19968 17408
19968 17920
19968 18432
19968 18944
19968 19456
19968 19968
19968 20480
19968 20992
19968 21504
19968 22016
19968 22528
19968 23040
19968 23552
19968 24064
19968 24576
19968 25088
19968 25600
19968 26112
19968 26624
19968 27136
19968 27648
19968 28160
19968 28672
19968 29184
19968 29696
19968 30208
19968 30720
19968 31232
19968 31744
19968 32256
20480 0
20480 512
20480 1024
20480 1536
20480 2048
20480 2560
20480 3072
20480 3584
20480 4096
20480 4608
20480 5120
20480 5632
20480 6144
20480 6656
20480 7168
20480 7680
20480 8192
20480 8704
20480 9216
20480 9728
20480 10240
20480 10752
20480 11264
20480 11776
20480 12288
20480 12800
20480 13312
20480 13824
20480 14336
20480 14848
20480 15360
20480 15872
20480 16384
20480 16896
20480 17408
20480 17920
20480 18432
20480 18944
20480 19456
20480 19968
20480 20480
20480 20992
20480 21504
20480 22016
20480 22528
20480 23040
20480 23552
20480 24064
20480 24576
20480 25088
20480 25600
20480 26112
20480 26624
20480 27136
20480 27648
20480 28160
20480 28672
20480 29184
20480 29696
20480 30208
20480 30720
20480 31232
20480 31744
20480 32256
20992 0
20992 512
20992 1024
20992 1536
20992 2048
20992 2560
20992 3072
20992 3584
20992 4096
20992 4608
20992 5120
20992 5632
20992 6144
20992 6656
20992 7168
20992 7680
20992 8192
20992 8704
20992 9216
20992 9728
20992 10240
20992 10752
20992 11264
20992 11776
20992 12288
20992 12800
20992 13312
20992 13824
20992 14336
20992 14848
20992 15360
20992 15872
20992 16384
20992 16896
20992 17408
20992 17920
20992 18432
20992 18944
20992 19456
20992 19968
20992 20480
20992 20992
20992 21504
20992 22016
20992 22528
20992 23040
20992 23552
20992 24064
20992 24576
20992 25088
20992 25600
20992 26112
20992 26624
20992 27136
20992 27648
20992 28160
20992 28672
20992 29184
20992 29696
20992 30208
20992 30720
20992 31232
20992 31744
20992 32256
21504 0
21504 512
21504 1024
21504 1536
21504 2048
21504 2560
21504 3072
21504 3584
21504 4096
21504 4608
21504 5120
21504 5632
21504 6144
21504 6656
21504 7168
21504 7680
21504 8192
21504 8704
21504 9216
21504 9728
21504 10240
21504 10752
21504 11264
21504 11776
21504 12288
21504 12800
21504 13312
21504 13824
21504 14336
21504 14848
21504 15360
21504 15872
21504 16384
21504 16896
21504 17408
21504 17920
21504 18432
21504 18944
21504 19456
21504 19968
21504 20480
21504 20992
21504 21504
21504 22016
21504 22528
21504 23040
21504 23552
21504 24064
21504 24576
21504 25088
21504 25600
21504 26112
21504 26624
21504 27136
21504 27648
21504 28160
21504 28672
21504 29184
21504 29696
21504 30208
21504 30720
21504 31232
21504 31744
21504 32256
22016 0
22016 512
22016 1024
22016 1536
22016 2048
22016 2560
22016 3072
22016 3584
22016 4096
22016 4608
22016 5120
22016 5632
22016 6144
22016 6656
22016 7168
22016 7680
22016 8192
22016 8704
22016 9216
22016 9728
22016 10240
22016 10752
22016 11264
22016 11776
22016 12288
22016 12800
22016 13312
22016 13824
22016 14336
22016 14848
22016 15360
22016 15872
22016 16384
22016 16896
22016 17408
22016 17920
22016 18432
22016 18944
22016 19456
22016 19968
22016 20480
22016 20992
22016 21504
22016 22016
22016 22528
22016 23040
22016 23552
22016 24064
22016 24576
22016 25088
22016 25600
22016 26112
22016 26624
22016 27136
22016 27648
22016 28160
22016 28672
22016 29184
22016 29696
22016 30208
22016 30720
22016 31232
22016 31744
22016 32256
22528 0
22528 512
22528 1024
22528 1536
22528 2048
22528 2560
22528 3072
22528 3584
22528 4096
22528 4608
22528 5120
22528 5632
22528 6144
22528 6656
22528 7168
22528 7680
22528 8192
22528 8704
22528 9216
22528 9728
22528 10240
22528 10752
22528 11264
22528 11776
22528 12288
22528 12800
22528 13312
22528 13824
22528 14336
22528 14848
22528 15360
22528 15872
22528 16384
22528 16896
22528 17408
22528 17920
22528 18432
22528 18944
22528 19456
22528 19968
22528 20480
22528 20992
22528 21504
22528 22016
22528 22528
22528 23040
22528 23552
22528 24064
22528 24576
22528 25088
22528 25600
22528 26112
22528 26624
22528 27136
22528 27648
22528 28160
22528 28672
22528 29184
22528 29696
22528 30208
22528 30720
22528 31232
22528 31744
22528 32256
23040 0
23040 512
23040 1024
23040 1536
23040 2048
23040 2560
23040 3072
23040 3584
23040 4096
23040 4608
23040 5120
23040 5632
23040 6144
23040 6656
23040 7168
23040 7680
23040 8192
23040 8704
23040 9216
23040 9728
23040 10240
23040 10752
23040 11264
23040 11776
23040 12288
23040 12800
23040 13312
23040 13824
23040 14336
23040 14848
23040 15360
23040 15872
23040 16384
23040 16896
23040 17408
23040 17920
23040 18432
23040 18944
23040 19456
23040 19968
23040 20480
23040 20992
23040 21504
23040 22016
23040 22528
23040 23040
23040 23552
23040 24064
23040 24576
23040 25088
23040 25600
23040 26112
23040 26624
23040 27136
23040 27648
23040 28160
23040 28672
23040 29184
23040 29696
23040 30208
23040 30720
23040 31232
23040 31744
23040 32256
23552 0
23552 512
23552 1024
23552 1536
23552 2048
23552 2560
23552 3072
23552 3584
23552 4096
23552 4608
23552 5120
23552 5632
23552 6144
23552 6656
23552 7168
23552 7680
23552 8192
23552 8704
23552 9216
23552 9728
23552 10240
23552 10752
23552 11264
23552 11776
23552 12288
23552 12800
23552 13312
23552 13824
23552 14336
23552 14848
23552 15360
23552 15872
23552 16384
23552 16896
23552 17408
23552 17920
23552 18432
23552 18944
23552 19456
23552 19968
23552 20480
23552 20992
23552 21504
23552 22016
23552 22528
23552 23040
23552 23552
23552 24064
23552 24576
23552 25088
23552 25600
23552 26112
23552 26624
23552 27136
23552 27648
23552 28160
23552 28672
23552 29184
23552 29696
23552 30208
23552 30720
23552 31232
23552 31744
23552 32256
24064 0
24064 512
24064 1024
24064 1536
24064 2048
24064 2560
24064 3072
24064 3584
24064 4096
24064 4608
24064 5120
24064 5632
24064 6144
24064 6656
24064 7168
24064 7680
24064 8192
24064 8704
24064 9216
24064 9728
24064 10240
24064 10752
24064 11264
24064 11776
24064 12288
24064 12800
24064 13312
24064 13824
24064 14336
24064 14848
24064 15360
24064 15872
24064 16384
24064 16896
24064 17408
24064 17920
24064 18432
24064 18944
24064 19456
24064 19968
24064 20480
24064 20992
24064 21504
24064 22016
24064 22528
24064 23040
24064 23552
24064 24064
24064 24576
24064 25088
24064 25600
24064 26112
24064 26624
24064 27136
24064 27648
24064 28160
24064 28672
24064 29184
24064 29696
24064 30208
24064 30720
24064 31232
24064 31744
24064 32256
24576 0
24576 512
24576 1024
24576 1536
24576 2048
24576 2560
24576 3072
24576 3584
24576 4096
24576 4608
24576 5120
24576 5632
24576 6144
24576 6656
24576 7168
24576 7680
24576 8192
24576 8704
24576 9216
24576 9728
24576 10240
24576 10752
24576 11264
24576 11776
24576 12288
24576 12800
24576 13312
24576 13824
24576 14336
24576 14848
24576 15360
24576 15872
24576 16384
24576 16896
24576 17408
24576 17920
24576 18432
24576 18944
24576 19456
24576 19968
24576 20480
24576 20992
24576 21504
24576 22016
24576 22528
24576 23040
24576 23552
24576 24064
24576 24576
24576 25088
24576 25600
24576 26112
24576 26624
24576 27136
24576 27648
24576 28160
24576 28672
24576 29184
24576 29696
24576 30208
24576 30720
24576 31232
24576 31744
24576 32256
25088 0
25088 512
25088 1024
25088 1536
25088 2048
25088 2560
25088 3072
25088 3584
25088 4096
25088 4608
25088 5120
25088 5632
25088 6144
25088 6656
25088 7168
25088 7680
25088 8192
25088 8704
25088 9216
25088 9728
25088 10240
25088 10752
25088 11264
25088 11776
25088 12288
25088 12800
25088 13312
25088 13824
25088 14336
25088 14848
25088 15360
25088 15872
25088 16384
25088 16896
25088 17408
25088 17920
25088 18432
25088 18944
25088 19456
25088 19968
25088 20480
25088 20992
25088 21504
25088 22016
25088 22528
25088 23040
25088 23552
25088 24064
25088 24576
25088 25088
25088 25600
25088 26112
25088 26624
25088 27136
25088 27648
25088 28160
25088 28672
25088 29184
25088 29696
25088 30208
25088 30720
25088 31232
25088 31744
25088 32256
25600 0
25600 512
25600 1024
25600 1536
25600 2048
25600 2560
25600 3072
25600 3584
25600 4096
25600 4608
25600 5120
25600 5632
25600 6144
25600 6656
25600 7168
25600 7680
25600 8192
25600 8704
25600 9216
25600 9728
25600 10240
25600 10752
25600 11264
25600 11776
25600 12288
25600 12800
25600 13312
25600 13824
25600 14336
25600 14848
25600 15360
25600 15872
25600 16384
25600 16896
25600 17408
25600 17920
25600 18432
25600 18944
25600 19456
25600 19968
25600 20480
25600 20992
25600 21504
25600 22016
25600 22528
25600 23040
25600 23552
25600 24064
25600 24576
25600 25088
25600 25600
25600 26112
25600 26624
25600 27136
25600 27648
25600 28160
25600 28672
25600 29184
25600 29696
25600 30208
25600 30720
25600 31232
25600 31744
25600 32256
26112 0
26112 512
26112 1024
26112 1536
26112 2048
26112 2560
26112 3072
26112 3584
26112 4096
26112 4608
26112 5120
26112 5632
26112 6144
26112 6656
26112 7168
26112 7680
26112 8192
26112 8704
26112 9216
26112 9728
26112 10240
26112 10752
26112 11264
26112 11776
26112 12288
26112 12800
26112 13312
26112 13824
26112 14336
26112 14848
26112 15360
26112 15872
26112 16384
26112 16896
26112 17408
26112 17920
26112 18432
26112 18944
26112 19456
26112 19968
26112 20480
26112 20992
26112 21504
26112 22016
26112 22528
26112 23040
26112 23552
26112 24064
26112 24576
26112 25088
26112 25600
26112 26112
26112 26624
26112 27136
26112 27648
26112 28160
26112 28672
26112 29184
26112 29696
26112 30208
26112 30720
26112 31232
26112 31744
26112 32256
26624 0
26624 512
26624 1024
26624 1536
26624 2048
26624 2560
26624 3072
26624 3584
26624 4096
26624 4608
26624 5120
26624 5632
26624 6144
26624 6656
26624 7168
26624 7680
26624 8192
26624 8704
26624 9216
26624 9728
26624 10240
26624 10752
26624 11264
26624 11776
26624 12288
26624 12800
26624 13312
26624 13824
26624 14336
26624 14848
26624 15360
26624 15872
26624 16384
26624 16896
26624 17408
26624 17920
26624 18432
26624 18944
26624 19456
26624 19968
26624 20480
26624 20992
26624 21504
26624 22016
26624 22528
26624 23040
26624 23552
26624 24064
26624 24576
26624 25088
26624 25600
26624 26112
26624 26624
26624 27136
26624 27648
26624 28160
26624 28672
26624 29184
26624 29696
26624 30208
26624 30720
26624 31232
26624 31744
26624 32256
27136 0
27136 512
27136 1024
27136 1536
27136 2048
27136 2560
27136 3072
27136 3584
27136 4096
27136 4608
27136 5120
27136 5632
27136 6144
27136 6656
27136 7168
27136 7680
27136 8192
27136 8704
27136 9216
27136 9728
27136 10240
27136 10752
27136 11264
27136 11776
27136 12288
27136 12800
27136 13312
27136 13824
27136 14336
27136 14848
27136 15360
27136 15872
27136 16384
27136 16896
27136 17408
27136 17920
27136 18432
27136 18944
27136 19456
27136 19968
27136 20480
27136 20992
27136 21504
27136 22016
27136 22528
27136 23040
27136 23552
27136 24064
27136 24576
27136 25088
27136 25600
27136 26112
27136 26624
27136 27136
27136 27648
27136 28160
27136 28672
27136 29184
27136 29696
27136 30208
27136 30720
27136 31232
27136 31744
27136 32256
27648 0
27648 512
27648 1024
27648 1536
27648 2048
27648 2560
27648 3072
27648 3584
27648 4096
27648 4608
27648 5120
27648 5632
27648 6144
27648 6656
27648 7168
27648 7680
27648 8192
27648 8704
27648 9216
27648 9728
27648 10240
27648 10752
27648 11264
27648 11776
27648 12288
27648 12800
27648 13312
27648 13824
27648 14336
27648 14848
27648 15360
27648 15872
27648 16384
27648 16896
27648 17408
27648 17920
27648 18432
27648 18944
27648 19456
27648 19968
27648 20480
27648 20992
27648 21504
27648 22016
27648 22528
27648 23040
27648 23552
27648 24064
27648 24576
27648 25088
27648 25600
27648 26112
27648 26624
27648 27136
27648 27648
27648 28160
27648 28672
27648 29184
27648 29696
27648 30208
27648 30720
27648 31232
27648 31744
27648 32256
28160 0
28160 512
28160 1024
28160 1536
28160 2048
28160 2560
28160 3072
28160 3584
28160 4096
28160 4608
28160 5120
28160 5632
28160 6144
28160 6656
28160 7168
28160 7680
28160 8192
28160 8704
28160 9216
28160 9728
28160 10240
28160 10752
28160 11264
28160 11776
28160 12288
28160 12800
28160 13312
28160 13824
28160 14336
28160 14848
28160 15360
28160 15872
28160 16384
28160 16896
28160 17408
28160 17920
28160 18432
28160 18944
28160 19456
28160 19968
28160 20480
28160 20992
28160 21504
28160 22016
28160 22528
28160 23040
28160 23552
28160 24064
28160 24576
28160 25088
28160 25600
28160 26112
28160 26624
28160 27136
28160 27648
28160 28160
28160 28672
28160 29184
28160 29696
28160 30208
28160 30720
28160 31232
28160 31744
28160 32256
28672 0
28672 512
28672 1024
28672 1536
28672 2048
28672 2560
28672 3072
28672 3584
28672 4096
28672 4608
28672 5120
28672 5632
28672 6144
28672 6656
28672 7168
28672 7680
28672 8192
28672 8704
28672 9216
28672 9728
28672 10240
28672 10752
28672 11264
28672 11776
28672 12288
28672 12800
28672 13312
28672 13824
28672 14336
28672 14848
28672 15360
28672 15872
28672 16384
28672 16896
28672 17408
28672 17920
28672 18432
28672 18944
28672 19456
28672 19968
28672 20480
28672 20992
28672 21504
28672 22016
28672 22528
28672 23040
28672 23552
28672 24064
28672 24576
28672 25088
28672 25600
28672 26112
28672 26624
28672 27136
28672 27648
28672 28160
28672 28672
28672 29184
28672 29696
28672 30208
28672 30720
28672 31232
28672 31744
28672 32256
29184 0
29184 512
29184 1024
29184 1536
29184 2048
29184 2560
29184 3072
29184 3584
29184 4096
29184 4608
29184 5120
29184 5632
29184 6144
29184 6656
29184 7168
29184 7680
29184 8192
29184 8704
29184 9216
29184 9728
29184 10240
29184 10752
29184 11264
29184 11776
29184 12288
29184 12800
29184 13312
29184 13824
29184 14336
29184 14848
29184 15360
29184 15872
29184 16384
29184 16896
29184 17408
29184 17920
29184 18432
29184 18944
29184 19456
29184 19968
29184 20480
29184 20992
29184 21504
29184 22016
29184 22528
29184 23040
29184 23552
29184 24064
29184 24576
29184 25088
29184 25600
29184 26112
29184 26624
29184 27136
29184 27648
29184 28160
29184 28672
29184 29184
29184 29696
29184 30208
29184 30720
29184 31232
29184 31744
29184 32256
29696 0
29696 512
29696 1024
29696 1536
29696 2048
29696 2560
29696 3072
29696 3584
29696 4096
29696 4608
29696 5120
29696 5632
29696 6144
29696 6656
29696 7168
29696 7680
29696 8192
29696 8704
29696 9216
29696 9728
29696 10240
29696 10752
29696 11264
29696 11776
29696 12288
29696 12800
29696 13312
29696 13824
29696 14336
29696 14848
29696 15360
29696 15872
29696 16384
29696 16896
29696 17408
29696 17920
29696 18432
29696 18944
29696 19456
29696 19968
29696 20480
29696 20992
29696 21504
29696 22016
29696 22528
29696 23040
29696 23552
29696 24064
29696 24576
29696 25088
29696 25600
29696 26112
29696 26624
29696 27136
29696 27648
29696 28160
29696 28672
29696 29184
29696 29696
29696 30208
29696 30720
29696 31232
29696 31744
29696 32256
30208 0
30208 512
30208 1024
30208 1536
30208 2048
30208 2560
30208 3072
30208 3584
30208 4096
30208 4608
30208 5120
30208 5632
30208 6144
30208 6656
30208 7168
30208 7680
30208 8192
30208 8704
30208 9216
30208 9728
30208 10240
30208 10752
30208 11264
30208 11776
30208 12288
30208 12800
30208 13312
30208 13824
30208 14336
30208 14848
30208 15360
30208 15872
30208 16384
30208 16896
30208 17408
30208 17920
30208 18432
30208 18944
30208 19456
30208 19968
30208 20480
30208 20992
30208 21504
30208 22016
30208 22528
30208 23040
30208 23552
30208 24064
30208 24576
30208 25088
30208 25600
30208 26112
30208 26624
30208 27136
30208 27648
30208 28160
30208 28672
30208 29184
30208 29696
30208 30208
30208 30720
30208 31232
30208 31744
30208 32256
30720 0
30720 512
30720 1024
30720 1536
30720 2048
30720 2560
30720 3072
30720 3584
30720 4096
30720 4608
30720 5120
30720 5632
30720 6144
30720 6656
30720 7168
30720 7680
30720 8192
30720 8704
30720 9216
30720 9728
30720 10240
30720 10752
30720 11264
30720 11776
30720 12288
30720 12800
30720 13312
30720 13824
30720 14336
30720 14848
30720 15360
30720 15872
30720 16384
30720 16896
30720 17408
30720 17920
30720 18432
30720 18944
30720 19456
30720 19968
30720 20480
30720 20992
30720 21504
30720 22016
30720 22528
30720 23040
30720 23552
30720 24064
30720 24576
30720 25088
30720 25600
30720 26112
30720 26624
30720 27136
30720 27648
30720 28160
30720 28672
30720 29184
30720 29696
30720 30208
30720 30720
30720 31232
30720 31744
30720 32256
31232 0
31232 512
31232 1024
31232 1536
31232 2048
31232 2560
31232 3072
31232 3584
31232 4096
31232 4608
31232 5120
31232 5632
31232 6144
31232 6656
31232 7168
31232 7680
31232 8192
31232 8704
31232 9216
31232 9728
31232 10240
31232 10752
31232 11264
31232 11776
31232 12288
31232 12800
31232 13312
31232 13824
31232 14336
31232 14848
31232 15360
31232 15872
31232 16384
31232 16896
31232 17408
31232 17920
31232 18432
31232 18944
31232 19456
31232 19968
31232 20480
31232 20992
31232 21504
31232 22016
31232 22528
31232 23040
31232 23552
31232 24064
31232 24576
31232 25088
31232 25600
31232 26112
31232 26624
31232 27136
31232 27648
31232 28160
31232 28672
31232 29184
31232 29696
31232 30208
31232 30720
31232 31232
31232 31744
31232 32256
31744 0
31744 512
31744 1024
31744 1536
31744 2048
31744 2560
31744 3072
31744 3584
31744 4096
31744 4608
31744 5120
31744 5632
31744 6144
31744 6656
31744 7168
31744 7680
31744 8192
31744 8704
31744 9216
31744 9728
31744 10240
31744 10752
31744 11264
31744 11776
31744 12288
31744 12800
31744 13312
31744 13824
31744 14336
31744 14848
31744 15360
31744 15872
31744 16384
31744 16896
31744 17408
31744 17920
31744 18432
31744 18944
31744 19456
31744 19968
31744 20480
31744 20992
31744 21504
31744 22016
31744 22528
31744 23040
31744 23552
31744 24064
31744 24576
31744 25088
31744 25600
31744 26112
31744 26624
31744 27136
31744 27648
31744 28160
31744 28672
31744 29184
31744 29696
31744 30208
31744 30720
31744 31232
31744 31744
31744 32256
32256 0
32256 512
32256 1024
32256 1536
32256 2048
32256 2560
32256 3072
32256 3584
32256 4096
32256 4608
32256 5120
32256 5632
32256 6144
32256 6656
32256 7168
32256 7680
32256 8192
32256 8704
32256 9216
32256 9728
32256 10240
32256 10752
32256 11264
32256 11776
32256 12288
32256 12800
32256 13312
32256 13824
32256 14336
32256 14848
32256 15360
32256 15872
32256 16384
32256 16896
32256 17408
32256 17920
32256 18432
32256 18944
32256 19456
32256 19968
32256 20480
32256 20992
32256 21504
32256 22016
32256 22528
32256 23040
32256 23552
32256 24064
32256 24576
32256 25088
32256 25600
32256 26112
32256 26624
32256 27136
32256 27648
32256 28160
32256 28672
32256 29184
32256 29696
32256 30208
32256 30720
32256 31232
32256 31744
32256 32256
