64
0 0
0 4096
0 8192
0 12288
0 16384
0 20480
0 24576
0 28672
4096 0
4096 4096
4096 8192
4096 12288
4096 16384
4096 20480
4096 24576
4096 28672
8192 0
8192 4096
8192 8192
8192 12288
8192 16384
8192 20480
8192 24576
8192 28672
12288 0
12288 4096
12288 8192
12288 12288
12288 16384
12288 20480
12288 24576
12288 28672
16384 0
16384 4096
16384 8192
16384 12288
16384 16384
16384 20480
16384 24576
16384 28672
20480 0
20480 4096
20480 8192
20480 12288
20480 16384
20480 20480
20480 24576
20480 28672
24576 0
24576 4096
24576 8192
24576 12288
24576 16384
24576 20480
24576 24576
24576 28672
28672 0
28672 4096
28672 8192
28672 12288
28672 16384
28672 20480
28672 24576
28672 28672
