2052
16384   32768
16384   32768
16384   0
16384   0
16416   32767
16352   32767
16416   1
16352   1
16448   32767
16320   32767
16448   1
16320   1
16480   32767
16288   32767
16480   1
16288   1
16512   32767
16256   32767
16512   1
16256   1
16544   32767
16224   32767
16544   1
16224   1
16576   32766
16192   32766
16576   2
16192   2
16608   32766
16160   32766
16608   2
16160   2
16640   32765
16128   32765
16640   3
16128   3
16672   32765
16096   32765
16672   3
16096   3
16704   32764
16064   32764
16704   4
16064   4
16736   32764
16032   32764
16736   4
16032   4
16768   32763
16000   32763
16768   5
16000   5
16800   32762
15968   32762
16800   6
15968   6
16832   32761
15936   32761
16832   7
15936   7
16864   32760
15904   32760
16864   8
15904   8
16896   32759
15872   32759
16896   9
15872   9
16928   32758
15840   32758
16928   10
15840   10
16960   32757
15808   32757
16960   11
15808   11
16992   32756
15776   32756
16992   12
15776   12
17024   32755
15744   32755
17024   13
15744   13
17056   32754
15712   32754
17056   14
15712   14
17088   32752
15680   32752
17088   16
15680   16
17120   32751
15648   32751
17120   17
15648   17
17152   32749
15616   32749
17152   19
15616   19
17184   32748
15584   32748
17184   20
15584   20
17216   32746
15552   32746
17216   22
15552   22
17248   32745
15520   32745
17248   23
15520   23
17280   32743
15488   32743
17280   25
15488   25
17312   32741
15456   32741
17312   27
15456   27
17344   32739
15424   32739
17344   29
15424   29
17376   32737
15392   32737
17376   31
15392   31
17408   32735
15360   32735
17408   33
15360   33
17440   32733
15328   32733
17440   35
15328   35
17472   32731
15296   32731
17472   37
15296   37
17504   32729
15264   32729
17504   39
15264   39
17536   32727
15232   32727
17536   41
15232   41
17568   32725
15200   32725
17568   43
15200   43
17600   32722
15168   32722
17600   46
15168   46
17632   32720
15136   32720
17632   48
15136   48
17664   32717
15104   32717
17664   51
15104   51
17696   32715
15072   32715
17696   53
15072   53
17728   32712
15040   32712
17728   56
15040   56
17760   32710
15008   32710
17760   58
15008   58
17792   32707
14976   32707
17792   61
14976   61
17824   32704
14944   32704
17824   64
14944   64
17856   32701
14912   32701
17856   67
14912   67
17888   32698
14880   32698
17888   70
14880   70
17920   32695
14848   32695
17920   73
14848   73
17952   32692
14816   32692
17952   76
14816   76
17984   32689
14784   32689
17984   79
14784   79
18016   32686
14752   32686
18016   82
14752   82
18048   32683
14720   32683
18048   85
14720   85
18080   32679
14688   32679
18080   89
14688   89
18112   32676
14656   32676
18112   92
14656   92
18144   32673
14624   32673
18144   95
14624   95
18176   32669
14592   32669
18176   99
14592   99
18208   32666
14560   32666
18208   102
14560   102
18240   32662
14528   32662
18240   106
14528   106
18272   32658
14496   32658
18272   110
14496   110
18304   32655
14464   32655
18304   113
14464   113
18336   32651
14432   32651
18336   117
14432   117
18368   32647
14400   32647
18368   121
14400   121
18400   32643
14368   32643
18400   125
14368   125
18432   32639
14336   32639
18432   129
14336   129
18464   32635
14304   32635
18464   133
14304   133
18496   32631
14272   32631
18496   137
14272   137
18528   32627
14240   32627
18528   141
14240   141
18560   32622
14208   32622
18560   146
14208   146
18592   32618
14176   32618
18592   150
14176   150
18624   32614
14144   32614
18624   154
14144   154
18656   32609
14112   32609
18656   159
14112   159
18688   32605
14080   32605
18688   163
14080   163
18720   32600
14048   32600
18720   168
14048   168
18752   32595
14016   32595
18752   173
14016   173
18784   32591
13984   32591
18784   177
13984   177
18816   32586
13952   32586
18816   182
13952   182
18848   32581
13920   32581
18848   187
13920   187
18880   32576
13888   32576
18880   192
13888   192
18912   32571
13856   32571
18912   197
13856   197
18944   32566
13824   32566
18944   202
13824   202
18976   32561
13792   32561
18976   207
13792   207
19008   32556
13760   32556
19008   212
13760   212
19040   32551
13728   32551
19040   217
13728   217
19072   32545
13696   32545
19072   223
13696   223
19104   32540
13664   32540
19104   228
13664   228
19136   32535
13632   32535
19136   233
13632   233
19168   32529
13600   32529
19168   239
13600   239
19200   32524
13568   32524
19200   244
13568   244
19232   32518
13536   32518
19232   250
13536   250
19264   32512
13504   32512
19264   256
13504   256
19296   32507
13472   32507
19296   261
13472   261
19328   32501
13440   32501
19328   267
13440   267
19360   32495
13408   32495
19360   273
13408   273
19392   32489
13376   32489
19392   279
13376   279
19424   32483
13344   32483
19424   285
13344   285
19456   32477
13312   32477
19456   291
13312   291
19488   32471
13280   32471
19488   297
13280   297
19520   32465
13248   32465
19520   303
13248   303
19552   32458
13216   32458
19552   310
13216   310
19584   32452
13184   32452
19584   316
13184   316
19616   32446
13152   32446
19616   322
13152   322
19648   32439
13120   32439
19648   329
13120   329
19680   32433
13088   32433
19680   335
13088   335
19712   32426
13056   32426
19712   342
13056   342
19744   32419
13024   32419
19744   349
13024   349
19776   32413
12992   32413
19776   355
12992   355
19808   32406
12960   32406
19808   362
12960   362
19840   32399
12928   32399
19840   369
12928   369
19872   32392
12896   32392
19872   376
12896   376
19904   32385
12864   32385
19904   383
12864   383
19936   32378
12832   32378
19936   390
12832   390
19968   32371
12800   32371
19968   397
12800   397
20000   32363
12768   32363
20000   405
12768   405
20032   32356
12736   32356
20032   412
12736   412
20064   32349
12704   32349
20064   419
12704   419
20096   32341
12672   32341
20096   427
12672   427
20128   32334
12640   32334
20128   434
12640   434
20160   32326
12608   32326
20160   442
12608   442
20192   32319
12576   32319
20192   449
12576   449
20224   32311
12544   32311
20224   457
12544   457
20256   32303
12512   32303
20256   465
12512   465
20288   32296
12480   32296
20288   472
12480   472
20320   32288
12448   32288
20320   480
12448   480
20352   32280
12416   32280
20352   488
12416   488
20384   32272
12384   32272
20384   496
12384   496
20416   32264
12352   32264
20416   504
12352   504
20448   32255
12320   32255
20448   513
12320   513
20480   32247
12288   32247
20480   521
12288   521
20512   32239
12256   32239
20512   529
12256   529
20544   32231
12224   32231
20544   537
12224   537
20576   32222
12192   32222
20576   546
12192   546
20608   32214
12160   32214
20608   554
12160   554
20640   32205
12128   32205
20640   563
12128   563
20672   32196
12096   32196
20672   572
12096   572
20704   32188
12064   32188
20704   580
12064   580
20736   32179
12032   32179
20736   589
12032   589
20768   32170
12000   32170
20768   598
12000   598
20800   32161
11968   32161
20800   607
11968   607
20832   32152
11936   32152
20832   616
11936   616
20864   32143
11904   32143
20864   625
11904   625
20896   32134
11872   32134
20896   634
11872   634
20928   32125
11840   32125
20928   643
11840   643
20960   32115
11808   32115
20960   653
11808   653
20992   32106
11776   32106
20992   662
11776   662
21024   32097
11744   32097
21024   671
11744   671
21056   32087
11712   32087
21056   681
11712   681
21088   32078
11680   32078
21088   690
11680   690
21120   32068
11648   32068
21120   700
11648   700
21152   32058
11616   32058
21152   710
11616   710
21184   32049
11584   32049
21184   719
11584   719
21216   32039
11552   32039
21216   729
11552   729
21248   32029
11520   32029
21248   739
11520   739
21280   32019
11488   32019
21280   749
11488   749
21312   32009
11456   32009
21312   759
11456   759
21344   31999
11424   31999
21344   769
11424   769
21376   31988
11392   31988
21376   780
11392   780
21408   31978
11360   31978
21408   790
11360   790
21440   31968
11328   31968
21440   800
11328   800
21472   31957
11296   31957
21472   811
11296   811
21504   31947
11264   31947
21504   821
11264   821
21536   31936
11232   31936
21536   832
11232   832
21568   31926
11200   31926
21568   842
11200   842
21600   31915
11168   31915
21600   853
11168   853
21632   31904
11136   31904
21632   864
11136   864
21664   31893
11104   31893
21664   875
11104   875
21696   31882
11072   31882
21696   886
11072   886
21728   31871
11040   31871
21728   897
11040   897
21760   31860
11008   31860
21760   908
11008   908
21792   31849
10976   31849
21792   919
10976   919
21824   31838
10944   31838
21824   930
10944   930
21856   31827
10912   31827
21856   941
10912   941
21888   31815
10880   31815
21888   953
10880   953
21920   31804
10848   31804
21920   964
10848   964
21952   31792
10816   31792
21952   976
10816   976
21984   31781
10784   31781
21984   987
10784   987
22016   31769
10752   31769
22016   999
10752   999
22048   31757
10720   31757
22048   1011
10720   1011
22080   31745
10688   31745
22080   1023
10688   1023
22112   31734
10656   31734
22112   1034
10656   1034
22144   31722
10624   31722
22144   1046
10624   1046
22176   31710
10592   31710
22176   1058
10592   1058
22208   31697
10560   31697
22208   1071
10560   1071
22240   31685
10528   31685
22240   1083
10528   1083
22272   31673
10496   31673
22272   1095
10496   1095
22304   31661
10464   31661
22304   1107
10464   1107
22336   31648
10432   31648
22336   1120
10432   1120
22368   31636
10400   31636
22368   1132
10400   1132
22400   31623
10368   31623
22400   1145
10368   1145
22432   31610
10336   31610
22432   1158
10336   1158
22464   31598
10304   31598
22464   1170
10304   1170
22496   31585
10272   31585
22496   1183
10272   1183
22528   31572
10240   31572
22528   1196
10240   1196
22560   31559
10208   31559
22560   1209
10208   1209
22592   31546
10176   31546
22592   1222
10176   1222
22624   31533
10144   31533
22624   1235
10144   1235
22656   31519
10112   31519
22656   1249
10112   1249
22688   31506
10080   31506
22688   1262
10080   1262
22720   31493
10048   31493
22720   1275
10048   1275
22752   31479
10016   31479
22752   1289
10016   1289
22784   31466
9984   31466
22784   1302
9984   1302
22816   31452
9952   31452
22816   1316
9952   1316
22848   31438
9920   31438
22848   1330
9920   1330
22880   31425
9888   31425
22880   1343
9888   1343
22912   31411
9856   31411
22912   1357
9856   1357
22944   31397
9824   31397
22944   1371
9824   1371
22976   31383
9792   31383
22976   1385
9792   1385
23008   31369
9760   31369
23008   1399
9760   1399
23040   31355
9728   31355
23040   1413
9728   1413
23072   31340
9696   31340
23072   1428
9696   1428
23104   31326
9664   31326
23104   1442
9664   1442
23136   31312
9632   31312
23136   1456
9632   1456
23168   31297
9600   31297
23168   1471
9600   1471
23200   31282
9568   31282
23200   1486
9568   1486
23232   31268
9536   31268
23232   1500
9536   1500
23264   31253
9504   31253
23264   1515
9504   1515
23296   31238
9472   31238
23296   1530
9472   1530
23328   31223
9440   31223
23328   1545
9440   1545
23360   31208
9408   31208
23360   1560
9408   1560
23392   31193
9376   31193
23392   1575
9376   1575
23424   31178
9344   31178
23424   1590
9344   1590
23456   31163
9312   31163
23456   1605
9312   1605
23488   31147
9280   31147
23488   1621
9280   1621
23520   31132
9248   31132
23520   1636
9248   1636
23552   31116
9216   31116
23552   1652
9216   1652
23584   31101
9184   31101
23584   1667
9184   1667
23616   31085
9152   31085
23616   1683
9152   1683
23648   31069
9120   31069
23648   1699
9120   1699
23680   31053
9088   31053
23680   1715
9088   1715
23712   31037
9056   31037
23712   1731
9056   1731
23744   31021
9024   31021
23744   1747
9024   1747
23776   31005
8992   31005
23776   1763
8992   1763
23808   30989
8960   30989
23808   1779
8960   1779
23840   30973
8928   30973
23840   1795
8928   1795
23872   30956
8896   30956
23872   1812
8896   1812
23904   30940
8864   30940
23904   1828
8864   1828
23936   30923
8832   30923
23936   1845
8832   1845
23968   30907
8800   30907
23968   1861
8800   1861
24000   30890
8768   30890
24000   1878
8768   1878
24032   30873
8736   30873
24032   1895
8736   1895
24064   30856
8704   30856
24064   1912
8704   1912
24096   30839
8672   30839
24096   1929
8672   1929
24128   30822
8640   30822
24128   1946
8640   1946
24160   30805
8608   30805
24160   1963
8608   1963
24192   30787
8576   30787
24192   1981
8576   1981
24224   30770
8544   30770
24224   1998
8544   1998
24256   30752
8512   30752
24256   2016
8512   2016
24288   30735
8480   30735
24288   2033
8480   2033
24320   30717
8448   30717
24320   2051
8448   2051
24352   30699
8416   30699
24352   2069
8416   2069
24384   30682
8384   30682
24384   2086
8384   2086
24416   30664
8352   30664
24416   2104
8352   2104
24448   30646
8320   30646
24448   2122
8320   2122
24480   30627
8288   30627
24480   2141
8288   2141
24512   30609
8256   30609
24512   2159
8256   2159
24544   30591
8224   30591
24544   2177
8224   2177
24576   30572
8192   30572
24576   2196
8192   2196
24608   30554
8160   30554
24608   2214
8160   2214
24640   30535
8128   30535
24640   2233
8128   2233
24672   30517
8096   30517
24672   2251
8096   2251
24704   30498
8064   30498
24704   2270
8064   2270
24736   30479
8032   30479
24736   2289
8032   2289
24768   30460
8000   30460
24768   2308
8000   2308
24800   30441
7968   30441
24800   2327
7968   2327
24832   30422
7936   30422
24832   2346
7936   2346
24864   30402
7904   30402
24864   2366
7904   2366
24896   30383
7872   30383
24896   2385
7872   2385
24928   30363
7840   30363
24928   2405
7840   2405
24960   30344
7808   30344
24960   2424
7808   2424
24992   30324
7776   30324
24992   2444
7776   2444
25024   30304
7744   30304
25024   2464
7744   2464
25056   30284
7712   30284
25056   2484
7712   2484
25088   30264
7680   30264
25088   2504
7680   2504
25120   30244
7648   30244
25120   2524
7648   2524
25152   30224
7616   30224
25152   2544
7616   2544
25184   30204
7584   30204
25184   2564
7584   2564
25216   30183
7552   30183
25216   2585
7552   2585
25248   30163
7520   30163
25248   2605
7520   2605
25280   30142
7488   30142
25280   2626
7488   2626
25312   30121
7456   30121
25312   2647
7456   2647
25344   30100
7424   30100
25344   2668
7424   2668
25376   30079
7392   30079
25376   2689
7392   2689
25408   30058
7360   30058
25408   2710
7360   2710
25440   30037
7328   30037
25440   2731
7328   2731
25472   30016
7296   30016
25472   2752
7296   2752
25504   29995
7264   29995
25504   2773
7264   2773
25536   29973
7232   29973
25536   2795
7232   2795
25568   29951
7200   29951
25568   2817
7200   2817
25600   29930
7168   29930
25600   2838
7168   2838
25632   29908
7136   29908
25632   2860
7136   2860
25664   29886
7104   29886
25664   2882
7104   2882
25696   29864
7072   29864
25696   2904
7072   2904
25728   29842
7040   29842
25728   2926
7040   2926
25760   29819
7008   29819
25760   2949
7008   2949
25792   29797
6976   29797
25792   2971
6976   2971
25824   29775
6944   29775
25824   2993
6944   2993
25856   29752
6912   29752
25856   3016
6912   3016
25888   29729
6880   29729
25888   3039
6880   3039
25920   29706
6848   29706
25920   3062
6848   3062
25952   29683
6816   29683
25952   3085
6816   3085
25984   29660
6784   29660
25984   3108
6784   3108
26016   29637
6752   29637
26016   3131
6752   3131
26048   29614
6720   29614
26048   3154
6720   3154
26080   29590
6688   29590
26080   3178
6688   3178
26112   29567
6656   29567
26112   3201
6656   3201
26144   29543
6624   29543
26144   3225
6624   3225
26176   29519
6592   29519
26176   3249
6592   3249
26208   29495
6560   29495
26208   3273
6560   3273
26240   29471
6528   29471
26240   3297
6528   3297
26272   29447
6496   29447
26272   3321
6496   3321
26304   29423
6464   29423
26304   3345
6464   3345
26336   29399
6432   29399
26336   3369
6432   3369
26368   29374
6400   29374
26368   3394
6400   3394
26400   29349
6368   29349
26400   3419
6368   3419
26432   29325
6336   29325
26432   3443
6336   3443
26464   29300
6304   29300
26464   3468
6304   3468
26496   29275
6272   29275
26496   3493
6272   3493
26528   29250
6240   29250
26528   3518
6240   3518
26560   29224
6208   29224
26560   3544
6208   3544
26592   29199
6176   29199
26592   3569
6176   3569
26624   29173
6144   29173
26624   3595
6144   3595
26656   29148
6112   29148
26656   3620
6112   3620
26688   29122
6080   29122
26688   3646
6080   3646
26720   29096
6048   29096
26720   3672
6048   3672
26752   29070
6016   29070
26752   3698
6016   3698
26784   29043
5984   29043
26784   3725
5984   3725
26816   29017
5952   29017
26816   3751
5952   3751
26848   28991
5920   28991
26848   3777
5920   3777
26880   28964
5888   28964
26880   3804
5888   3804
26912   28937
5856   28937
26912   3831
5856   3831
26944   28910
5824   28910
26944   3858
5824   3858
26976   28883
5792   28883
26976   3885
5792   3885
27008   28856
5760   28856
27008   3912
5760   3912
27040   28829
5728   28829
27040   3939
5728   3939
27072   28801
5696   28801
27072   3967
5696   3967
27104   28774
5664   28774
27104   3994
5664   3994
27136   28746
5632   28746
27136   4022
5632   4022
27168   28718
5600   28718
27168   4050
5600   4050
27200   28690
5568   28690
27200   4078
5568   4078
27232   28662
5536   28662
27232   4106
5536   4106
27264   28633
5504   28633
27264   4135
5504   4135
27296   28605
5472   28605
27296   4163
5472   4163
27328   28576
5440   28576
27328   4192
5440   4192
27360   28547
5408   28547
27360   4221
5408   4221
27392   28519
5376   28519
27392   4249
5376   4249
27424   28489
5344   28489
27424   4279
5344   4279
27456   28460
5312   28460
27456   4308
5312   4308
27488   28431
5280   28431
27488   4337
5280   4337
27520   28401
5248   28401
27520   4367
5248   4367
27552   28371
5216   28371
27552   4397
5216   4397
27584   28342
5184   28342
27584   4426
5184   4426
27616   28312
5152   28312
27616   4456
5152   4456
27648   28281
5120   28281
27648   4487
5120   4487
27680   28251
5088   28251
27680   4517
5088   4517
27712   28220
5056   28220
27712   4548
5056   4548
27744   28190
5024   28190
27744   4578
5024   4578
27776   28159
4992   28159
27776   4609
4992   4609
27808   28128
4960   28128
27808   4640
4960   4640
27840   28097
4928   28097
27840   4671
4928   4671
27872   28065
4896   28065
27872   4703
4896   4703
27904   28034
4864   28034
27904   4734
4864   4734
27936   28002
4832   28002
27936   4766
4832   4766
27968   27970
4800   27970
27968   4798
4800   4798
28000   27938
4768   27938
28000   4830
4768   4830
28032   27906
4736   27906
28032   4862
4736   4862
28064   27873
4704   27873
28064   4895
4704   4895
28096   27841
4672   27841
28096   4927
4672   4927
28128   27808
4640   27808
28128   4960
4640   4960
28160   27775
4608   27775
28160   4993
4608   4993
28192   27742
4576   27742
28192   5026
4576   5026
28224   27708
4544   27708
28224   5060
4544   5060
28256   27675
4512   27675
28256   5093
4512   5093
28288   27641
4480   27641
28288   5127
4480   5127
28320   27607
4448   27607
28320   5161
4448   5161
28352   27573
4416   27573
28352   5195
4416   5195
28384   27539
4384   27539
28384   5229
4384   5229
28416   27504
4352   27504
28416   5264
4352   5264
28448   27469
4320   27469
28448   5299
4320   5299
28480   27434
4288   27434
28480   5334
4288   5334
28512   27399
4256   27399
28512   5369
4256   5369
28544   27364
4224   27364
28544   5404
4224   5404
28576   27328
4192   27328
28576   5440
4192   5440
28608   27293
4160   27293
28608   5475
4160   5475
28640   27257
4128   27257
28640   5511
4128   5511
28672   27220
4096   27220
28672   5548
4096   5548
28704   27184
4064   27184
28704   5584
4064   5584
28736   27147
4032   27147
28736   5621
4032   5621
28768   27111
4000   27111
28768   5657
4000   5657
28800   27074
3968   27074
28800   5694
3968   5694
28832   27036
3936   27036
28832   5732
3936   5732
28864   26999
3904   26999
28864   5769
3904   5769
28896   26961
3872   26961
28896   5807
3872   5807
28928   26923
3840   26923
28928   5845
3840   5845
28960   26885
3808   26885
28960   5883
3808   5883
28992   26846
3776   26846
28992   5922
3776   5922
29024   26808
3744   26808
29024   5960
3744   5960
29056   26769
3712   26769
29056   5999
3712   5999
29088   26730
3680   26730
29088   6038
3680   6038
29120   26690
3648   26690
29120   6078
3648   6078
29152   26651
3616   26651
29152   6117
3616   6117
29184   26611
3584   26611
29184   6157
3584   6157
29216   26571
3552   26571
29216   6197
3552   6197
29248   26530
3520   26530
29248   6238
3520   6238
29280   26489
3488   26489
29280   6279
3488   6279
29312   26448
3456   26448
29312   6320
3456   6320
29344   26407
3424   26407
29344   6361
3424   6361
29376   26366
3392   26366
29376   6402
3392   6402
29408   26324
3360   26324
29408   6444
3360   6444
29440   26282
3328   26282
29440   6486
3328   6486
29472   26239
3296   26239
29472   6529
3296   6529
29504   26197
3264   26197
29504   6571
3264   6571
29536   26154
3232   26154
29536   6614
3232   6614
29568   26111
3200   26111
29568   6657
3200   6657
29600   26067
3168   26067
29600   6701
3168   6701
29632   26023
3136   26023
29632   6745
3136   6745
29664   25979
3104   25979
29664   6789
3104   6789
29696   25935
3072   25935
29696   6833
3072   6833
29728   25890
3040   25890
29728   6878
3040   6878
29760   25845
3008   25845
29760   6923
3008   6923
29792   25799
2976   25799
29792   6969
2976   6969
29824   25754
2944   25754
29824   7014
2944   7014
29856   25708
2912   25708
29856   7060
2912   7060
29888   25661
2880   25661
29888   7107
2880   7107
29920   25615
2848   25615
29920   7153
2848   7153
29952   25567
2816   25567
29952   7201
2816   7201
29984   25520
2784   25520
29984   7248
2784   7248
30016   25472
2752   25472
30016   7296
2752   7296
30048   25424
2720   25424
30048   7344
2720   7344
30080   25375
2688   25375
30080   7393
2688   7393
30112   25327
2656   25327
30112   7441
2656   7441
30144   25277
2624   25277
30144   7491
2624   7491
30176   25227
2592   25227
30176   7541
2592   7541
30208   25177
2560   25177
30208   7591
2560   7591
30240   25127
2528   25127
30240   7641
2528   7641
30272   25076
2496   25076
30272   7692
2496   7692
30304   25025
2464   25025
30304   7743
2464   7743
30336   24973
2432   24973
30336   7795
2432   7795
30368   24921
2400   24921
30368   7847
2400   7847
30400   24868
2368   24868
30400   7900
2368   7900
30432   24815
2336   24815
30432   7953
2336   7953
30464   24761
2304   24761
30464   8007
2304   8007
30496   24707
2272   24707
30496   8061
2272   8061
30528   24653
2240   24653
30528   8115
2240   8115
30560   24598
2208   24598
30560   8170
2208   8170
30592   24542
2176   24542
30592   8226
2176   8226
30624   24486
2144   24486
30624   8282
2144   8282
30656   24430
2112   24430
30656   8338
2112   8338
30688   24373
2080   24373
30688   8395
2080   8395
30720   24315
2048   24315
30720   8453
2048   8453
30752   24257
2016   24257
30752   8511
2016   8511
30784   24199
1984   24199
30784   8569
1984   8569
30816   24139
1952   24139
30816   8629
1952   8629
30848   24079
1920   24079
30848   8689
1920   8689
30880   24019
1888   24019
30880   8749
1888   8749
30912   23958
1856   23958
30912   8810
1856   8810
30944   23896
1824   23896
30944   8872
1824   8872
30976   23834
1792   23834
30976   8934
1792   8934
31008   23771
1760   23771
31008   8997
1760   8997
31040   23707
1728   23707
31040   9061
1728   9061
31072   23643
1696   23643
31072   9125
1696   9125
31104   23578
1664   23578
31104   9190
1664   9190
31136   23512
1632   23512
31136   9256
1632   9256
31168   23445
1600   23445
31168   9323
1600   9323
31200   23378
1568   23378
31200   9390
1568   9390
31232   23310
1536   23310
31232   9458
1536   9458
31264   23241
1504   23241
31264   9527
1504   9527
31296   23171
1472   23171
31296   9597
1472   9597
31328   23100
1440   23100
31328   9668
1440   9668
31360   23028
1408   23028
31360   9740
1408   9740
31392   22956
1376   22956
31392   9812
1376   9812
31424   22882
1344   22882
31424   9886
1344   9886
31456   22808
1312   22808
31456   9960
1312   9960
31488   22732
1280   22732
31488   10036
1280   10036
31520   22655
1248   22655
31520   10113
1248   10113
31552   22578
1216   22578
31552   10190
1216   10190
31584   22499
1184   22499
31584   10269
1184   10269
31616   22419
1152   22419
31616   10349
1152   10349
31648   22337
1120   22337
31648   10431
1120   10431
31680   22254
1088   22254
31680   10514
1088   10514
31712   22170
1056   22170
31712   10598
1056   10598
31744   22085
1024   22085
31744   10683
1024   10683
31776   21998
992   21998
31776   10770
992   10770
31808   21909
960   21909
31808   10859
960   10859
31840   21819
928   21819
31840   10949
928   10949
31872   21727
896   21727
31872   11041
896   11041
31904   21634
864   21634
31904   11134
864   11134
31936   21538
832   21538
31936   11230
832   11230
31968   21441
800   21441
31968   11327
800   11327
32000   21341
768   21341
32000   11427
768   11427
32032   21239
736   21239
32032   11529
736   11529
32064   21135
704   21135
32064   11633
704   11633
32096   21028
672   21028
32096   11740
672   11740
32128   20918
640   20918
32128   11850
640   11850
32160   20805
608   20805
32160   11963
608   11963
32192   20690
576   20690
32192   12078
576   12078
32224   20570
544   20570
32224   12198
544   12198
32256   20447
512   20447
32256   12321
512   12321
32288   20320
480   20320
32288   12448
480   12448
32320   20189
448   20189
32320   12579
448   12579
32352   20052
416   20052
32352   12716
416   12716
32384   19910
384   19910
32384   12858
384   12858
32416   19761
352   19761
32416   13007
352   13007
32448   19606
320   19606
32448   13162
320   13162
32480   19442
288   19442
32480   13326
288   13326
32512   19268
256   19268
32512   13500
256   13500
32544   19083
224   19083
32544   13685
224   13685
32576   18884
192   18884
32576   13884
192   13884
32608   18668
160   18668
32608   14100
160   14100
32640   18427
128   18427
32640   14341
128   14341
32672   18155
96   18155
32672   14613
96   14613
32704   17830
64   17830
32704   14938
64   14938
32736   17407
32   17407
32736   15361
32   15361
32768   16384
0   16384
32768   16384
0   16384
