2048
16384 0
16416 32
16448 64
16480 96
16512 128
16544 160
16576 192
16608 224
16640 256
16672 288
16704 320
16736 352
16768 384
16800 416
16832 448
16864 480
16896 512
16928 544
16960 576
16992 608
17024 640
17056 672
17088 704
17120 736
17152 768
17184 800
17216 832
17248 864
17280 896
17312 928
17344 960
17376 992
17408 1024
17440 1056
17472 1088
17504 1120
17536 1152
17568 1184
17600 1216
17632 1248
17664 1280
17696 1312
17728 1344
17760 1376
17792 1408
17824 1440
17856 1472
17888 1504
17920 1536
17952 1568
17984 1600
18016 1632
18048 1664
18080 1696
18112 1728
18144 1760
18176 1792
18208 1824
18240 1856
18272 1888
18304 1920
18336 1952
18368 1984
18400 2016
18432 2048
18464 2080
18496 2112
18528 2144
18560 2176
18592 2208
18624 2240
18656 2272
18688 2304
18720 2336
18752 2368
18784 2400
18816 2432
18848 2464
18880 2496
18912 2528
18944 2560
18976 2592
19008 2624
19040 2656
19072 2688
19104 2720
19136 2752
19168 2784
19200 2816
19232 2848
19264 2880
19296 2912
19328 2944
19360 2976
19392 3008
19424 3040
19456 3072
19488 3104
19520 3136
19552 3168
19584 3200
19616 3232
19648 3264
19680 3296
19712 3328
19744 3360
19776 3392
19808 3424
19840 3456
19872 3488
19904 3520
19936 3552
19968 3584
20000 3616
20032 3648
20064 3680
20096 3712
20128 3744
20160 3776
20192 3808
20224 3840
20256 3872
20288 3904
20320 3936
20352 3968
20384 4000
20416 4032
20448 4064
20480 4096
20512 4128
20544 4160
20576 4192
20608 4224
20640 4256
20672 4288
20704 4320
20736 4352
20768 4384
20800 4416
20832 4448
20864 4480
20896 4512
20928 4544
20960 4576
20992 4608
21024 4640
21056 4672
21088 4704
21120 4736
21152 4768
21184 4800
21216 4832
21248 4864
21280 4896
21312 4928
21344 4960
21376 4992
21408 5024
21440 5056
21472 5088
21504 5120
21536 5152
21568 5184
21600 5216
21632 5248
21664 5280
21696 5312
21728 5344
21760 5376
21792 5408
21824 5440
21856 5472
21888 5504
21920 5536
21952 5568
21984 5600
22016 5632
22048 5664
22080 5696
22112 5728
22144 5760
22176 5792
22208 5824
22240 5856
22272 5888
22304 5920
22336 5952
22368 5984
22400 6016
22432 6048
22464 6080
22496 6112
22528 6144
22560 6176
22592 6208
22624 6240
22656 6272
22688 6304
22720 6336
22752 6368
22784 6400
22816 6432
22848 6464
22880 6496
22912 6528
22944 6560
22976 6592
23008 6624
23040 6656
23072 6688
23104 6720
23136 6752
23168 6784
23200 6816
23232 6848
23264 6880
23296 6912
23328 6944
23360 6976
23392 7008
23424 7040
23456 7072
23488 7104
23520 7136
23552 7168
23584 7200
23616 7232
23648 7264
23680 7296
23712 7328
23744 7360
23776 7392
23808 7424
23840 7456
23872 7488
23904 7520
23936 7552
23968 7584
24000 7616
24032 7648
24064 7680
24096 7712
24128 7744
24160 7776
24192 7808
24224 7840
24256 7872
24288 7904
24320 7936
24352 7968
24384 8000
24416 8032
24448 8064
24480 8096
24512 8128
24544 8160
24576 8192
24608 8224
24640 8256
24672 8288
24704 8320
24736 8352
24768 8384
24800 8416
24832 8448
24864 8480
24896 8512
24928 8544
24960 8576
24992 8608
25024 8640
25056 8672
25088 8704
25120 8736
25152 8768
25184 8800
25216 8832
25248 8864
25280 8896
25312 8928
25344 8960
25376 8992
25408 9024
25440 9056
25472 9088
25504 9120
25536 9152
25568 9184
25600 9216
25632 9248
25664 9280
25696 9312
25728 9344
25760 9376
25792 9408
25824 9440
25856 9472
25888 9504
25920 9536
25952 9568
25984 9600
26016 9632
26048 9664
26080 9696
26112 9728
26144 9760
26176 9792
26208 9824
26240 9856
26272 9888
26304 9920
26336 9952
26368 9984
26400 10016
26432 10048
26464 10080
26496 10112
26528 10144
26560 10176
26592 10208
26624 10240
26656 10272
26688 10304
26720 10336
26752 10368
26784 10400
26816 10432
26848 10464
26880 10496
26912 10528
26944 10560
26976 10592
27008 10624
27040 10656
27072 10688
27104 10720
27136 10752
27168 10784
27200 10816
27232 10848
27264 10880
27296 10912
27328 10944
27360 10976
27392 11008
27424 11040
27456 11072
27488 11104
27520 11136
27552 11168
27584 11200
27616 11232
27648 11264
27680 11296
27712 11328
27744 11360
27776 11392
27808 11424
27840 11456
27872 11488
27904 11520
27936 11552
27968 11584
28000 11616
28032 11648
28064 11680
28096 11712
28128 11744
28160 11776
28192 11808
28224 11840
28256 11872
28288 11904
28320 11936
28352 11968
28384 12000
28416 12032
28448 12064
28480 12096
28512 12128
28544 12160
28576 12192
28608 12224
28640 12256
28672 12288
28704 12320
28736 12352
28768 12384
28800 12416
28832 12448
28864 12480
28896 12512
28928 12544
28960 12576
28992 12608
29024 12640
29056 12672
29088 12704
29120 12736
29152 12768
29184 12800
29216 12832
29248 12864
29280 12896
29312 12928
29344 12960
29376 12992
29408 13024
29440 13056
29472 13088
29504 13120
29536 13152
29568 13184
29600 13216
29632 13248
29664 13280
29696 13312
29728 13344
29760 13376
29792 13408
29824 13440
29856 13472
29888 13504
29920 13536
29952 13568
29984 13600
30016 13632
30048 13664
30080 13696
30112 13728
30144 13760
30176 13792
30208 13824
30240 13856
30272 13888
30304 13920
30336 13952
30368 13984
30400 14016
30432 14048
30464 14080
30496 14112
30528 14144
30560 14176
30592 14208
30624 14240
30656 14272
30688 14304
30720 14336
30752 14368
30784 14400
30816 14432
30848 14464
30880 14496
30912 14528
30944 14560
30976 14592
31008 14624
31040 14656
31072 14688
31104 14720
31136 14752
31168 14784
31200 14816
31232 14848
31264 14880
31296 14912
31328 14944
31360 14976
31392 15008
31424 15040
31456 15072
31488 15104
31520 15136
31552 15168
31584 15200
31616 15232
31648 15264
31680 15296
31712 15328
31744 15360
31776 15392
31808 15424
31840 15456
31872 15488
31904 15520
31936 15552
31968 15584
32000 15616
32032 15648
32064 15680
32096 15712
32128 15744
32160 15776
32192 15808
32224 15840
32256 15872
32288 15904
32320 15936
32352 15968
32384 16000
32416 16032
32448 16064
32480 16096
32512 16128
32544 16160
32576 16192
32608 16224
32640 16256
32672 16288
32704 16320
32736 16352
32768 16384
32736 16416
32704 16448
32672 16480
32640 16512
32608 16544
32576 16576
32544 16608
32512 16640
32480 16672
32448 16704
32416 16736
32384 16768
32352 16800
32320 16832
32288 16864
32256 16896
32224 16928
32192 16960
32160 16992
32128 17024
32096 17056
32064 17088
32032 17120
32000 17152
31968 17184
31936 17216
31904 17248
31872 17280
31840 17312
31808 17344
31776 17376
31744 17408
31712 17440
31680 17472
31648 17504
31616 17536
31584 17568
31552 17600
31520 17632
31488 17664
31456 17696
31424 17728
31392 17760
31360 17792
31328 17824
31296 17856
31264 17888
31232 17920
31200 17952
31168 17984
31136 18016
31104 18048
31072 18080
31040 18112
31008 18144
30976 18176
30944 18208
30912 18240
30880 18272
30848 18304
30816 18336
30784 18368
30752 18400
30720 18432
30688 18464
30656 18496
30624 18528
30592 18560
30560 18592
30528 18624
30496 18656
30464 18688
30432 18720
30400 18752
30368 18784
30336 18816
30304 18848
30272 18880
30240 18912
30208 18944
30176 18976
30144 19008
30112 19040
30080 19072
30048 19104
30016 19136
29984 19168
29952 19200
29920 19232
29888 19264
29856 19296
29824 19328
29792 19360
29760 19392
29728 19424
29696 19456
29664 19488
29632 19520
29600 19552
29568 19584
29536 19616
29504 19648
29472 19680
29440 19712
29408 19744
29376 19776
29344 19808
29312 19840
29280 19872
29248 19904
29216 19936
29184 19968
29152 20000
29120 20032
29088 20064
29056 20096
29024 20128
28992 20160
28960 20192
28928 20224
28896 20256
28864 20288
28832 20320
28800 20352
28768 20384
28736 20416
28704 20448
28672 20480
28640 20512
28608 20544
28576 20576
28544 20608
28512 20640
28480 20672
28448 20704
28416 20736
28384 20768
28352 20800
28320 20832
28288 20864
28256 20896
28224 20928
28192 20960
28160 20992
28128 21024
28096 21056
28064 21088
28032 21120
28000 21152
27968 21184
27936 21216
27904 21248
27872 21280
27840 21312
27808 21344
27776 21376
27744 21408
27712 21440
27680 21472
27648 21504
27616 21536
27584 21568
27552 21600
27520 21632
27488 21664
27456 21696
27424 21728
27392 21760
27360 21792
27328 21824
27296 21856
27264 21888
27232 21920
27200 21952
27168 21984
27136 22016
27104 22048
27072 22080
27040 22112
27008 22144
26976 22176
26944 22208
26912 22240
26880 22272
26848 22304
26816 22336
26784 22368
26752 22400
26720 22432
26688 22464
26656 22496
26624 22528
26592 22560
26560 22592
26528 22624
26496 22656
26464 22688
26432 22720
26400 22752
26368 22784
26336 22816
26304 22848
26272 22880
26240 22912
26208 22944
26176 22976
26144 23008
26112 23040
26080 23072
26048 23104
26016 23136
25984 23168
25952 23200
25920 23232
25888 23264
25856 23296
25824 23328
25792 23360
25760 23392
25728 23424
25696 23456
25664 23488
25632 23520
25600 23552
25568 23584
25536 23616
25504 23648
25472 23680
25440 23712
25408 23744
25376 23776
25344 23808
25312 23840
25280 23872
25248 23904
25216 23936
25184 23968
25152 24000
25120 24032
25088 24064
25056 24096
25024 24128
24992 24160
24960 24192
24928 24224
24896 24256
24864 24288
24832 24320
24800 24352
24768 24384
24736 24416
24704 24448
24672 24480
24640 24512
24608 24544
24576 24576
24544 24608
24512 24640
24480 24672
24448 24704
24416 24736
24384 24768
24352 24800
24320 24832
24288 24864
24256 24896
24224 24928
24192 24960
24160 24992
24128 25024
24096 25056
24064 25088
24032 25120
24000 25152
23968 25184
23936 25216
23904 25248
23872 25280
23840 25312
23808 25344
23776 25376
23744 25408
23712 25440
23680 25472
23648 25504
23616 25536
23584 25568
23552 25600
23520 25632
23488 25664
23456 25696
23424 25728
23392 25760
23360 25792
23328 25824
23296 25856
23264 25888
23232 25920
23200 25952
23168 25984
23136 26016
23104 26048
23072 26080
23040 26112
23008 26144
22976 26176
22944 26208
22912 26240
22880 26272
22848 26304
22816 26336
22784 26368
22752 26400
22720 26432
22688 26464
22656 26496
22624 26528
22592 26560
22560 26592
22528 26624
22496 26656
22464 26688
22432 26720
22400 26752
22368 26784
22336 26816
22304 26848
22272 26880
22240 26912
22208 26944
22176 26976
22144 27008
22112 27040
22080 27072
22048 27104
22016 27136
21984 27168
21952 27200
21920 27232
21888 27264
21856 27296
21824 27328
21792 27360
21760 27392
21728 27424
21696 27456
21664 27488
21632 27520
21600 27552
21568 27584
21536 27616
21504 27648
21472 27680
21440 27712
21408 27744
21376 27776
21344 27808
21312 27840
21280 27872
21248 27904
21216 27936
21184 27968
21152 28000
21120 28032
21088 28064
21056 28096
21024 28128
20992 28160
20960 28192
20928 28224
20896 28256
20864 28288
20832 28320
20800 28352
20768 28384
20736 28416
20704 28448
20672 28480
20640 28512
20608 28544
20576 28576
20544 28608
20512 28640
20480 28672
20448 28704
20416 28736
20384 28768
20352 28800
20320 28832
20288 28864
20256 28896
20224 28928
20192 28960
20160 28992
20128 29024
20096 29056
20064 29088
20032 29120
20000 29152
19968 29184
19936 29216
19904 29248
19872 29280
19840 29312
19808 29344
19776 29376
19744 29408
19712 29440
19680 29472
19648 29504
19616 29536
19584 29568
19552 29600
19520 29632
19488 29664
19456 29696
19424 29728
19392 29760
19360 29792
19328 29824
19296 29856
19264 29888
19232 29920
19200 29952
19168 29984
19136 30016
19104 30048
19072 30080
19040 30112
19008 30144
18976 30176
18944 30208
18912 30240
18880 30272
18848 30304
18816 30336
18784 30368
18752 30400
18720 30432
18688 30464
18656 30496
18624 30528
18592 30560
18560 30592
18528 30624
18496 30656
18464 30688
18432 30720
18400 30752
18368 30784
18336 30816
18304 30848
18272 30880
18240 30912
18208 30944
18176 30976
18144 31008
18112 31040
18080 31072
18048 31104
18016 31136
17984 31168
17952 31200
17920 31232
17888 31264
17856 31296
17824 31328
17792 31360
17760 31392
17728 31424
17696 31456
17664 31488
17632 31520
17600 31552
17568 31584
17536 31616
17504 31648
17472 31680
17440 31712
17408 31744
17376 31776
17344 31808
17312 31840
17280 31872
17248 31904
17216 31936
17184 31968
17152 32000
17120 32032
17088 32064
17056 32096
17024 32128
16992 32160
16960 32192
16928 32224
16896 32256
16864 32288
16832 32320
16800 32352
16768 32384
16736 32416
16704 32448
16672 32480
16640 32512
16608 32544
16576 32576
16544 32608
16512 32640
16480 32672
16448 32704
16416 32736
16384 32768
16352 32736
16320 32704
16288 32672
16256 32640
16224 32608
16192 32576
16160 32544
16128 32512
16096 32480
16064 32448
16032 32416
16000 32384
15968 32352
15936 32320
15904 32288
15872 32256
15840 32224
15808 32192
15776 32160
15744 32128
15712 32096
15680 32064
15648 32032
15616 32000
15584 31968
15552 31936
15520 31904
15488 31872
15456 31840
15424 31808
15392 31776
15360 31744
15328 31712
15296 31680
15264 31648
15232 31616
15200 31584
15168 31552
15136 31520
15104 31488
15072 31456
15040 31424
15008 31392
14976 31360
14944 31328
14912 31296
14880 31264
14848 31232
14816 31200
14784 31168
14752 31136
14720 31104
14688 31072
14656 31040
14624 31008
14592 30976
14560 30944
14528 30912
14496 30880
14464 30848
14432 30816
14400 30784
14368 30752
14336 30720
14304 30688
14272 30656
14240 30624
14208 30592
14176 30560
14144 30528
14112 30496
14080 30464
14048 30432
14016 30400
13984 30368
13952 30336
13920 30304
13888 30272
13856 30240
13824 30208
13792 30176
13760 30144
13728 30112
13696 30080
13664 30048
13632 30016
13600 29984
13568 29952
13536 29920
13504 29888
13472 29856
13440 29824
13408 29792
13376 29760
13344 29728
13312 29696
13280 29664
13248 29632
13216 29600
13184 29568
13152 29536
13120 29504
13088 29472
13056 29440
13024 29408
12992 29376
12960 29344
12928 29312
12896 29280
12864 29248
12832 29216
12800 29184
12768 29152
12736 29120
12704 29088
12672 29056
12640 29024
12608 28992
12576 28960
12544 28928
12512 28896
12480 28864
12448 28832
12416 28800
12384 28768
12352 28736
12320 28704
12288 28672
12256 28640
12224 28608
12192 28576
12160 28544
12128 28512
12096 28480
12064 28448
12032 28416
12000 28384
11968 28352
11936 28320
11904 28288
11872 28256
11840 28224
11808 28192
11776 28160
11744 28128
11712 28096
11680 28064
11648 28032
11616 28000
11584 27968
11552 27936
11520 27904
11488 27872
11456 27840
11424 27808
11392 27776
11360 27744
11328 27712
11296 27680
11264 27648
11232 27616
11200 27584
11168 27552
11136 27520
11104 27488
11072 27456
11040 27424
11008 27392
10976 27360
10944 27328
10912 27296
10880 27264
10848 27232
10816 27200
10784 27168
10752 27136
10720 27104
10688 27072
10656 27040
10624 27008
10592 26976
10560 26944
10528 26912
10496 26880
10464 26848
10432 26816
10400 26784
10368 26752
10336 26720
10304 26688
10272 26656
10240 26624
10208 26592
10176 26560
10144 26528
10112 26496
10080 26464
10048 26432
10016 26400
9984 26368
9952 26336
9920 26304
9888 26272
9856 26240
9824 26208
9792 26176
9760 26144
9728 26112
9696 26080
9664 26048
9632 26016
9600 25984
9568 25952
9536 25920
9504 25888
9472 25856
9440 25824
9408 25792
9376 25760
9344 25728
9312 25696
9280 25664
9248 25632
9216 25600
9184 25568
9152 25536
9120 25504
9088 25472
9056 25440
9024 25408
8992 25376
8960 25344
8928 25312
8896 25280
8864 25248
8832 25216
8800 25184
8768 25152
8736 25120
8704 25088
8672 25056
8640 25024
8608 24992
8576 24960
8544 24928
8512 24896
8480 24864
8448 24832
8416 24800
8384 24768
8352 24736
8320 24704
8288 24672
8256 24640
8224 24608
8192 24576
8160 24544
8128 24512
8096 24480
8064 24448
8032 24416
8000 24384
7968 24352
7936 24320
7904 24288
7872 24256
7840 24224
7808 24192
7776 24160
7744 24128
7712 24096
7680 24064
7648 24032
7616 24000
7584 23968
7552 23936
7520 23904
7488 23872
7456 23840
7424 23808
7392 23776
7360 23744
7328 23712
7296 23680
7264 23648
7232 23616
7200 23584
7168 23552
7136 23520
7104 23488
7072 23456
7040 23424
7008 23392
6976 23360
6944 23328
6912 23296
6880 23264
6848 23232
6816 23200
6784 23168
6752 23136
6720 23104
6688 23072
6656 23040
6624 23008
6592 22976
6560 22944
6528 22912
6496 22880
6464 22848
6432 22816
6400 22784
6368 22752
6336 22720
6304 22688
6272 22656
6240 22624
6208 22592
6176 22560
6144 22528
6112 22496
6080 22464
6048 22432
6016 22400
5984 22368
5952 22336
5920 22304
5888 22272
5856 22240
5824 22208
5792 22176
5760 22144
5728 22112
5696 22080
5664 22048
5632 22016
5600 21984
5568 21952
5536 21920
5504 21888
5472 21856
5440 21824
5408 21792
5376 21760
5344 21728
5312 21696
5280 21664
5248 21632
5216 21600
5184 21568
5152 21536
5120 21504
5088 21472
5056 21440
5024 21408
4992 21376
4960 21344
4928 21312
4896 21280
4864 21248
4832 21216
4800 21184
4768 21152
4736 21120
4704 21088
4672 21056
4640 21024
4608 20992
4576 20960
4544 20928
4512 20896
4480 20864
4448 20832
4416 20800
4384 20768
4352 20736
4320 20704
4288 20672
4256 20640
4224 20608
4192 20576
4160 20544
4128 20512
4096 20480
4064 20448
4032 20416
4000 20384
3968 20352
3936 20320
3904 20288
3872 20256
3840 20224
3808 20192
3776 20160
3744 20128
3712 20096
3680 20064
3648 20032
3616 20000
3584 19968
3552 19936
3520 19904
3488 19872
3456 19840
3424 19808
3392 19776
3360 19744
3328 19712
3296 19680
3264 19648
3232 19616
3200 19584
3168 19552
3136 19520
3104 19488
3072 19456
3040 19424
3008 19392
2976 19360
2944 19328
2912 19296
2880 19264
2848 19232
2816 19200
2784 19168
2752 19136
2720 19104
2688 19072
2656 19040
2624 19008
2592 18976
2560 18944
2528 18912
2496 18880
2464 18848
2432 18816
2400 18784
2368 18752
2336 18720
2304 18688
2272 18656
2240 18624
2208 18592
2176 18560
2144 18528
2112 18496
2080 18464
2048 18432
2016 18400
1984 18368
1952 18336
1920 18304
1888 18272
1856 18240
1824 18208
1792 18176
1760 18144
1728 18112
1696 18080
1664 18048
1632 18016
1600 17984
1568 17952
1536 17920
1504 17888
1472 17856
1440 17824
1408 17792
1376 17760
1344 17728
1312 17696
1280 17664
1248 17632
1216 17600
1184 17568
1152 17536
1120 17504
1088 17472
1056 17440
1024 17408
992 17376
960 17344
928 17312
896 17280
864 17248
832 17216
800 17184
768 17152
736 17120
704 17088
672 17056
640 17024
608 16992
576 16960
544 16928
512 16896
480 16864
448 16832
416 16800
384 16768
352 16736
320 16704
288 16672
256 16640
224 16608
192 16576
160 16544
128 16512
96 16480
64 16448
32 16416
0 16384
32 16352
64 16320
96 16288
128 16256
160 16224
192 16192
224 16160
256 16128
288 16096
320 16064
352 16032
384 16000
416 15968
448 15936
480 15904
512 15872
544 15840
576 15808
608 15776
640 15744
672 15712
704 15680
736 15648
768 15616
800 15584
832 15552
864 15520
896 15488
928 15456
960 15424
992 15392
1024 15360
1056 15328
1088 15296
1120 15264
1152 15232
1184 15200
1216 15168
1248 15136
1280 15104
1312 15072
1344 15040
1376 15008
1408 14976
1440 14944
1472 14912
1504 14880
1536 14848
1568 14816
1600 14784
1632 14752
1664 14720
1696 14688
1728 14656
1760 14624
1792 14592
1824 14560
1856 14528
1888 14496
1920 14464
1952 14432
1984 14400
2016 14368
2048 14336
2080 14304
2112 14272
2144 14240
2176 14208
2208 14176
2240 14144
2272 14112
2304 14080
2336 14048
2368 14016
2400 13984
2432 13952
2464 13920
2496 13888
2528 13856
2560 13824
2592 13792
2624 13760
2656 13728
2688 13696
2720 13664
2752 13632
2784 13600
2816 13568
2848 13536
2880 13504
2912 13472
2944 13440
2976 13408
3008 13376
3040 13344
3072 13312
3104 13280
3136 13248
3168 13216
3200 13184
3232 13152
3264 13120
3296 13088
3328 13056
3360 13024
3392 12992
3424 12960
3456 12928
3488 12896
3520 12864
3552 12832
3584 12800
3616 12768
3648 12736
3680 12704
3712 12672
3744 12640
3776 12608
3808 12576
3840 12544
3872 12512
3904 12480
3936 12448
3968 12416
4000 12384
4032 12352
4064 12320
4096 12288
4128 12256
4160 12224
4192 12192
4224 12160
4256 12128
4288 12096
4320 12064
4352 12032
4384 12000
4416 11968
4448 11936
4480 11904
4512 11872
4544 11840
4576 11808
4608 11776
4640 11744
4672 11712
4704 11680
4736 11648
4768 11616
4800 11584
4832 11552
4864 11520
4896 11488
4928 11456
4960 11424
4992 11392
5024 11360
5056 11328
5088 11296
5120 11264
5152 11232
5184 11200
5216 11168
5248 11136
5280 11104
5312 11072
5344 11040
5376 11008
5408 10976
5440 10944
5472 10912
5504 10880
5536 10848
5568 10816
5600 10784
5632 10752
5664 10720
5696 10688
5728 10656
5760 10624
5792 10592
5824 10560
5856 10528
5888 10496
5920 10464
5952 10432
5984 10400
6016 10368
6048 10336
6080 10304
6112 10272
6144 10240
6176 10208
6208 10176
6240 10144
6272 10112
6304 10080
6336 10048
6368 10016
6400 9984
6432 9952
6464 9920
6496 9888
6528 9856
6560 9824
6592 9792
6624 9760
6656 9728
6688 9696
6720 9664
6752 9632
6784 9600
6816 9568
6848 9536
6880 9504
6912 9472
6944 9440
6976 9408
7008 9376
7040 9344
7072 9312
7104 9280
7136 9248
7168 9216
7200 9184
7232 9152
7264 9120
7296 9088
7328 9056
7360 9024
7392 8992
7424 8960
7456 8928
7488 8896
7520 8864
7552 8832
7584 8800
7616 8768
7648 8736
7680 8704
7712 8672
7744 8640
7776 8608
7808 8576
7840 8544
7872 8512
7904 8480
7936 8448
7968 8416
8000 8384
8032 8352
8064 8320
8096 8288
8128 8256
8160 8224
8192 8192
8224 8160
8256 8128
8288 8096
8320 8064
8352 8032
8384 8000
8416 7968
8448 7936
8480 7904
8512 7872
8544 7840
8576 7808
8608 7776
8640 7744
8672 7712
8704 7680
8736 7648
8768 7616
8800 7584
8832 7552
8864 7520
8896 7488
8928 7456
8960 7424
8992 7392
9024 7360
9056 7328
9088 7296
9120 7264
9152 7232
9184 7200
9216 7168
9248 7136
9280 7104
9312 7072
9344 7040
9376 7008
9408 6976
9440 6944
9472 6912
9504 6880
9536 6848
9568 6816
9600 6784
9632 6752
9664 6720
9696 6688
9728 6656
9760 6624
9792 6592
9824 6560
9856 6528
9888 6496
9920 6464
9952 6432
9984 6400
10016 6368
10048 6336
10080 6304
10112 6272
10144 6240
10176 6208
10208 6176
10240 6144
10272 6112
10304 6080
10336 6048
10368 6016
10400 5984
10432 5952
10464 5920
10496 5888
10528 5856
10560 5824
10592 5792
10624 5760
10656 5728
10688 5696
10720 5664
10752 5632
10784 5600
10816 5568
10848 5536
10880 5504
10912 5472
10944 5440
10976 5408
11008 5376
11040 5344
11072 5312
11104 5280
11136 5248
11168 5216
11200 5184
11232 5152
11264 5120
11296 5088
11328 5056
11360 5024
11392 4992
11424 4960
11456 4928
11488 4896
11520 4864
11552 4832
11584 4800
11616 4768
11648 4736
11680 4704
11712 4672
11744 4640
11776 4608
11808 4576
11840 4544
11872 4512
11904 4480
11936 4448
11968 4416
12000 4384
12032 4352
12064 4320
12096 4288
12128 4256
12160 4224
12192 4192
12224 4160
12256 4128
12288 4096
12320 4064
12352 4032
12384 4000
12416 3968
12448 3936
12480 3904
12512 3872
12544 3840
12576 3808
12608 3776
12640 3744
12672 3712
12704 3680
12736 3648
12768 3616
12800 3584
12832 3552
12864 3520
12896 3488
12928 3456
12960 3424
12992 3392
13024 3360
13056 3328
13088 3296
13120 3264
13152 3232
13184 3200
13216 3168
13248 3136
13280 3104
13312 3072
13344 3040
13376 3008
13408 2976
13440 2944
13472 2912
13504 2880
13536 2848
13568 2816
13600 2784
13632 2752
13664 2720
13696 2688
13728 2656
13760 2624
13792 2592
13824 2560
13856 2528
13888 2496
13920 2464
13952 2432
13984 2400
14016 2368
14048 2336
14080 2304
14112 2272
14144 2240
14176 2208
14208 2176
14240 2144
14272 2112
14304 2080
14336 2048
14368 2016
14400 1984
14432 1952
14464 1920
14496 1888
14528 1856
14560 1824
14592 1792
14624 1760
14656 1728
14688 1696
14720 1664
14752 1632
14784 1600
14816 1568
14848 1536
14880 1504
14912 1472
14944 1440
14976 1408
15008 1376
15040 1344
15072 1312
15104 1280
15136 1248
15168 1216
15200 1184
15232 1152
15264 1120
15296 1088
15328 1056
15360 1024
15392 992
15424 960
15456 928
15488 896
15520 864
15552 832
15584 800
15616 768
15648 736
15680 704
15712 672
15744 640
15776 608
15808 576
15840 544
15872 512
15904 480
15936 448
15968 416
16000 384
16032 352
16064 320
16096 288
16128 256
16160 224
16192 192
16224 160
16256 128
16288 96
16320 64
16352 32
