4096
0 0
32 0
64 0
96 0
128 0
160 0
192 0
224 0
256 0
288 0
320 0
352 0
384 0
416 0
448 0
480 0
512 0
544 0
576 0
608 0
640 0
672 0
704 0
736 0
768 0
800 0
832 0
864 0
896 0
928 0
960 0
992 0
1024 0
1056 0
1088 0
1120 0
1152 0
1184 0
1216 0
1248 0
1280 0
1312 0
1344 0
1376 0
1408 0
1440 0
1472 0
1504 0
1536 0
1568 0
1600 0
1632 0
1664 0
1696 0
1728 0
1760 0
1792 0
1824 0
1856 0
1888 0
1920 0
1952 0
1984 0
2016 0
2048 0
2080 0
2112 0
2144 0
2176 0
2208 0
2240 0
2272 0
2304 0
2336 0
2368 0
2400 0
2432 0
2464 0
2496 0
2528 0
2560 0
2592 0
2624 0
2656 0
2688 0
2720 0
2752 0
2784 0
2816 0
2848 0
2880 0
2912 0
2944 0
2976 0
3008 0
3040 0
3072 0
3104 0
3136 0
3168 0
3200 0
3232 0
3264 0
3296 0
3328 0
3360 0
3392 0
3424 0
3456 0
3488 0
3520 0
3552 0
3584 0
3616 0
3648 0
3680 0
3712 0
3744 0
3776 0
3808 0
3840 0
3872 0
3904 0
3936 0
3968 0
4000 0
4032 0
4064 0
4096 0
4128 0
4160 0
4192 0
4224 0
4256 0
4288 0
4320 0
4352 0
4384 0
4416 0
4448 0
4480 0
4512 0
4544 0
4576 0
4608 0
4640 0
4672 0
4704 0
4736 0
4768 0
4800 0
4832 0
4864 0
4896 0
4928 0
4960 0
4992 0
5024 0
5056 0
5088 0
5120 0
5152 0
5184 0
5216 0
5248 0
5280 0
5312 0
5344 0
5376 0
5408 0
5440 0
5472 0
5504 0
5536 0
5568 0
5600 0
5632 0
5664 0
5696 0
5728 0
5760 0
5792 0
5824 0
5856 0
5888 0
5920 0
5952 0
5984 0
6016 0
6048 0
6080 0
6112 0
6144 0
6176 0
6208 0
6240 0
6272 0
6304 0
6336 0
6368 0
6400 0
6432 0
6464 0
6496 0
6528 0
6560 0
6592 0
6624 0
6656 0
6688 0
6720 0
6752 0
6784 0
6816 0
6848 0
6880 0
6912 0
6944 0
6976 0
7008 0
7040 0
7072 0
7104 0
7136 0
7168 0
7200 0
7232 0
7264 0
7296 0
7328 0
7360 0
7392 0
7424 0
7456 0
7488 0
7520 0
7552 0
7584 0
7616 0
7648 0
7680 0
7712 0
7744 0
7776 0
7808 0
7840 0
7872 0
7904 0
7936 0
7968 0
8000 0
8032 0
8064 0
8096 0
8128 0
8160 0
8192 0
8224 0
8256 0
8288 0
8320 0
8352 0
8384 0
8416 0
8448 0
8480 0
8512 0
8544 0
8576 0
8608 0
8640 0
8672 0
8704 0
8736 0
8768 0
8800 0
8832 0
8864 0
8896 0
8928 0
8960 0
8992 0
9024 0
9056 0
9088 0
9120 0
9152 0
9184 0
9216 0
9248 0
9280 0
9312 0
9344 0
9376 0
9408 0
9440 0
9472 0
9504 0
9536 0
9568 0
9600 0
9632 0
9664 0
9696 0
9728 0
9760 0
9792 0
9824 0
9856 0
9888 0
9920 0
9952 0
9984 0
10016 0
10048 0
10080 0
10112 0
10144 0
10176 0
10208 0
10240 0
10272 0
10304 0
10336 0
10368 0
10400 0
10432 0
10464 0
10496 0
10528 0
10560 0
10592 0
10624 0
10656 0
10688 0
10720 0
10752 0
10784 0
10816 0
10848 0
10880 0
10912 0
10944 0
10976 0
11008 0
11040 0
11072 0
11104 0
11136 0
11168 0
11200 0
11232 0
11264 0
11296 0
11328 0
11360 0
11392 0
11424 0
11456 0
11488 0
11520 0
11552 0
11584 0
11616 0
11648 0
11680 0
11712 0
11744 0
11776 0
11808 0
11840 0
11872 0
11904 0
11936 0
11968 0
12000 0
12032 0
12064 0
12096 0
12128 0
12160 0
12192 0
12224 0
12256 0
12288 0
12320 0
12352 0
12384 0
12416 0
12448 0
12480 0
12512 0
12544 0
12576 0
12608 0
12640 0
12672 0
12704 0
12736 0
12768 0
12800 0
12832 0
12864 0
12896 0
12928 0
12960 0
12992 0
13024 0
13056 0
13088 0
13120 0
13152 0
13184 0
13216 0
13248 0
13280 0
13312 0
13344 0
13376 0
13408 0
13440 0
13472 0
13504 0
13536 0
13568 0
13600 0
13632 0
13664 0
13696 0
13728 0
13760 0
13792 0
13824 0
13856 0
13888 0
13920 0
13952 0
13984 0
14016 0
14048 0
14080 0
14112 0
14144 0
14176 0
14208 0
14240 0
14272 0
14304 0
14336 0
14368 0
14400 0
14432 0
14464 0
14496 0
14528 0
14560 0
14592 0
14624 0
14656 0
14688 0
14720 0
14752 0
14784 0
14816 0
14848 0
14880 0
14912 0
14944 0
14976 0
15008 0
15040 0
15072 0
15104 0
15136 0
15168 0
15200 0
15232 0
15264 0
15296 0
15328 0
15360 0
15392 0
15424 0
15456 0
15488 0
15520 0
15552 0
15584 0
15616 0
15648 0
15680 0
15712 0
15744 0
15776 0
15808 0
15840 0
15872 0
15904 0
15936 0
15968 0
16000 0
16032 0
16064 0
16096 0
16128 0
16160 0
16192 0
16224 0
16256 0
16288 0
16320 0
16352 0
16384 0
16416 0
16448 0
16480 0
16512 0
16544 0
16576 0
16608 0
16640 0
16672 0
16704 0
16736 0
16768 0
16800 0
16832 0
16864 0
16896 0
16928 0
16960 0
16992 0
17024 0
17056 0
17088 0
17120 0
17152 0
17184 0
17216 0
17248 0
17280 0
17312 0
17344 0
17376 0
17408 0
17440 0
17472 0
17504 0
17536 0
17568 0
17600 0
17632 0
17664 0
17696 0
17728 0
17760 0
17792 0
17824 0
17856 0
17888 0
17920 0
17952 0
17984 0
18016 0
18048 0
18080 0
18112 0
18144 0
18176 0
18208 0
18240 0
18272 0
18304 0
18336 0
18368 0
18400 0
18432 0
18464 0
18496 0
18528 0
18560 0
18592 0
18624 0
18656 0
18688 0
18720 0
18752 0
18784 0
18816 0
18848 0
18880 0
18912 0
18944 0
18976 0
19008 0
19040 0
19072 0
19104 0
19136 0
19168 0
19200 0
19232 0
19264 0
19296 0
19328 0
19360 0
19392 0
19424 0
19456 0
19488 0
19520 0
19552 0
19584 0
19616 0
19648 0
19680 0
19712 0
19744 0
19776 0
19808 0
19840 0
19872 0
19904 0
19936 0
19968 0
20000 0
20032 0
20064 0
20096 0
20128 0
20160 0
20192 0
20224 0
20256 0
20288 0
20320 0
20352 0
20384 0
20416 0
20448 0
20480 0
20512 0
20544 0
20576 0
20608 0
20640 0
20672 0
20704 0
20736 0
20768 0
20800 0
20832 0
20864 0
20896 0
20928 0
20960 0
20992 0
21024 0
21056 0
21088 0
21120 0
21152 0
21184 0
21216 0
21248 0
21280 0
21312 0
21344 0
21376 0
21408 0
21440 0
21472 0
21504 0
21536 0
21568 0
21600 0
21632 0
21664 0
21696 0
21728 0
21760 0
21792 0
21824 0
21856 0
21888 0
21920 0
21952 0
21984 0
22016 0
22048 0
22080 0
22112 0
22144 0
22176 0
22208 0
22240 0
22272 0
22304 0
22336 0
22368 0
22400 0
22432 0
22464 0
22496 0
22528 0
22560 0
22592 0
22624 0
22656 0
22688 0
22720 0
22752 0
22784 0
22816 0
22848 0
22880 0
22912 0
22944 0
22976 0
23008 0
23040 0
23072 0
23104 0
23136 0
23168 0
23200 0
23232 0
23264 0
23296 0
23328 0
23360 0
23392 0
23424 0
23456 0
23488 0
23520 0
23552 0
23584 0
23616 0
23648 0
23680 0
23712 0
23744 0
23776 0
23808 0
23840 0
23872 0
23904 0
23936 0
23968 0
24000 0
24032 0
24064 0
24096 0
24128 0
24160 0
24192 0
24224 0
24256 0
24288 0
24320 0
24352 0
24384 0
24416 0
24448 0
24480 0
24512 0
24544 0
24576 0
24608 0
24640 0
24672 0
24704 0
24736 0
24768 0
24800 0
24832 0
24864 0
24896 0
24928 0
24960 0
24992 0
25024 0
25056 0
25088 0
25120 0
25152 0
25184 0
25216 0
25248 0
25280 0
25312 0
25344 0
25376 0
25408 0
25440 0
25472 0
25504 0
25536 0
25568 0
25600 0
25632 0
25664 0
25696 0
25728 0
25760 0
25792 0
25824 0
25856 0
25888 0
25920 0
25952 0
25984 0
26016 0
26048 0
26080 0
26112 0
26144 0
26176 0
26208 0
26240 0
26272 0
26304 0
26336 0
26368 0
26400 0
26432 0
26464 0
26496 0
26528 0
26560 0
26592 0
26624 0
26656 0
26688 0
26720 0
26752 0
26784 0
26816 0
26848 0
26880 0
26912 0
26944 0
26976 0
27008 0
27040 0
27072 0
27104 0
27136 0
27168 0
27200 0
27232 0
27264 0
27296 0
27328 0
27360 0
27392 0
27424 0
27456 0
27488 0
27520 0
27552 0
27584 0
27616 0
27648 0
27680 0
27712 0
27744 0
27776 0
27808 0
27840 0
27872 0
27904 0
27936 0
27968 0
28000 0
28032 0
28064 0
28096 0
28128 0
28160 0
28192 0
28224 0
28256 0
28288 0
28320 0
28352 0
28384 0
28416 0
28448 0
28480 0
28512 0
28544 0
28576 0
28608 0
28640 0
28672 0
28704 0
28736 0
28768 0
28800 0
28832 0
28864 0
28896 0
28928 0
28960 0
28992 0
29024 0
29056 0
29088 0
29120 0
29152 0
29184 0
29216 0
29248 0
29280 0
29312 0
29344 0
29376 0
29408 0
29440 0
29472 0
29504 0
29536 0
29568 0
29600 0
29632 0
29664 0
29696 0
29728 0
29760 0
29792 0
29824 0
29856 0
29888 0
29920 0
29952 0
29984 0
30016 0
30048 0
30080 0
30112 0
30144 0
30176 0
30208 0
30240 0
30272 0
30304 0
30336 0
30368 0
30400 0
30432 0
30464 0
30496 0
30528 0
30560 0
30592 0
30624 0
30656 0
30688 0
30720 0
30752 0
30784 0
30816 0
30848 0
30880 0
30912 0
30944 0
30976 0
31008 0
31040 0
31072 0
31104 0
31136 0
31168 0
31200 0
31232 0
31264 0
31296 0
31328 0
31360 0
31392 0
31424 0
31456 0
31488 0
31520 0
31552 0
31584 0
31616 0
31648 0
31680 0
31712 0
31744 0
31776 0
31808 0
31840 0
31872 0
31904 0
31936 0
31968 0
32000 0
32032 0
32064 0
32096 0
32128 0
32160 0
32192 0
32224 0
32256 0
32288 0
32320 0
32352 0
32384 0
32416 0
32448 0
32480 0
32512 0
32544 0
32576 0
32608 0
32640 0
32672 0
32704 0
32736 0
32768 0
32768 32
32768 64
32768 96
32768 128
32768 160
32768 192
32768 224
32768 256
32768 288
32768 320
32768 352
32768 384
32768 416
32768 448
32768 480
32768 512
32768 544
32768 576
32768 608
32768 640
32768 672
32768 704
32768 736
32768 768
32768 800
32768 832
32768 864
32768 896
32768 928
32768 960
32768 992
32768 1024
32768 1056
32768 1088
32768 1120
32768 1152
32768 1184
32768 1216
32768 1248
32768 1280
32768 1312
32768 1344
32768 1376
32768 1408
32768 1440
32768 1472
32768 1504
32768 1536
32768 1568
32768 1600
32768 1632
32768 1664
32768 1696
32768 1728
32768 1760
32768 1792
32768 1824
32768 1856
32768 1888
32768 1920
32768 1952
32768 1984
32768 2016
32768 2048
32768 2080
32768 2112
32768 2144
32768 2176
32768 2208
32768 2240
32768 2272
32768 2304
32768 2336
32768 2368
32768 2400
32768 2432
32768 2464
32768 2496
32768 2528
32768 2560
32768 2592
32768 2624
32768 2656
32768 2688
32768 2720
32768 2752
32768 2784
32768 2816
32768 2848
32768 2880
32768 2912
32768 2944
32768 2976
32768 3008
32768 3040
32768 3072
32768 3104
32768 3136
32768 3168
32768 3200
32768 3232
32768 3264
32768 3296
32768 3328
32768 3360
32768 3392
32768 3424
32768 3456
32768 3488
32768 3520
32768 3552
32768 3584
32768 3616
32768 3648
32768 3680
32768 3712
32768 3744
32768 3776
32768 3808
32768 3840
32768 3872
32768 3904
32768 3936
32768 3968
32768 4000
32768 4032
32768 4064
32768 4096
32768 4128
32768 4160
32768 4192
32768 4224
32768 4256
32768 4288
32768 4320
32768 4352
32768 4384
32768 4416
32768 4448
32768 4480
32768 4512
32768 4544
32768 4576
32768 4608
32768 4640
32768 4672
32768 4704
32768 4736
32768 4768
32768 4800
32768 4832
32768 4864
32768 4896
32768 4928
32768 4960
32768 4992
32768 5024
32768 5056
32768 5088
32768 5120
32768 5152
32768 5184
32768 5216
32768 5248
32768 5280
32768 5312
32768 5344
32768 5376
32768 5408
32768 5440
32768 5472
32768 5504
32768 5536
32768 5568
32768 5600
32768 5632
32768 5664
32768 5696
32768 5728
32768 5760
32768 5792
32768 5824
32768 5856
32768 5888
32768 5920
32768 5952
32768 5984
32768 6016
32768 6048
32768 6080
32768 6112
32768 6144
32768 6176
32768 6208
32768 6240
32768 6272
32768 6304
32768 6336
32768 6368
32768 6400
32768 6432
32768 6464
32768 6496
32768 6528
32768 6560
32768 6592
32768 6624
32768 6656
32768 6688
32768 6720
32768 6752
32768 6784
32768 6816
32768 6848
32768 6880
32768 6912
32768 6944
32768 6976
32768 7008
32768 7040
32768 7072
32768 7104
32768 7136
32768 7168
32768 7200
32768 7232
32768 7264
32768 7296
32768 7328
32768 7360
32768 7392
32768 7424
32768 7456
32768 7488
32768 7520
32768 7552
32768 7584
32768 7616
32768 7648
32768 7680
32768 7712
32768 7744
32768 7776
32768 7808
32768 7840
32768 7872
32768 7904
32768 7936
32768 7968
32768 8000
32768 8032
32768 8064
32768 8096
32768 8128
32768 8160
32768 8192
32768 8224
32768 8256
32768 8288
32768 8320
32768 8352
32768 8384
32768 8416
32768 8448
32768 8480
32768 8512
32768 8544
32768 8576
32768 8608
32768 8640
32768 8672
32768 8704
32768 8736
32768 8768
32768 8800
32768 8832
32768 8864
32768 8896
32768 8928
32768 8960
32768 8992
32768 9024
32768 9056
32768 9088
32768 9120
32768 9152
32768 9184
32768 9216
32768 9248
32768 9280
32768 9312
32768 9344
32768 9376
32768 9408
32768 9440
32768 9472
32768 9504
32768 9536
32768 9568
32768 9600
32768 9632
32768 9664
32768 9696
32768 9728
32768 9760
32768 9792
32768 9824
32768 9856
32768 9888
32768 9920
32768 9952
32768 9984
32768 10016
32768 10048
32768 10080
32768 10112
32768 10144
32768 10176
32768 10208
32768 10240
32768 10272
32768 10304
32768 10336
32768 10368
32768 10400
32768 10432
32768 10464
32768 10496
32768 10528
32768 10560
32768 10592
32768 10624
32768 10656
32768 10688
32768 10720
32768 10752
32768 10784
32768 10816
32768 10848
32768 10880
32768 10912
32768 10944
32768 10976
32768 11008
32768 11040
32768 11072
32768 11104
32768 11136
32768 11168
32768 11200
32768 11232
32768 11264
32768 11296
32768 11328
32768 11360
32768 11392
32768 11424
32768 11456
32768 11488
32768 11520
32768 11552
32768 11584
32768 11616
32768 11648
32768 11680
32768 11712
32768 11744
32768 11776
32768 11808
32768 11840
32768 11872
32768 11904
32768 11936
32768 11968
32768 12000
32768 12032
32768 12064
32768 12096
32768 12128
32768 12160
32768 12192
32768 12224
32768 12256
32768 12288
32768 12320
32768 12352
32768 12384
32768 12416
32768 12448
32768 12480
32768 12512
32768 12544
32768 12576
32768 12608
32768 12640
32768 12672
32768 12704
32768 12736
32768 12768
32768 12800
32768 12832
32768 12864
32768 12896
32768 12928
32768 12960
32768 12992
32768 13024
32768 13056
32768 13088
32768 13120
32768 13152
32768 13184
32768 13216
32768 13248
32768 13280
32768 13312
32768 13344
32768 13376
32768 13408
32768 13440
32768 13472
32768 13504
32768 13536
32768 13568
32768 13600
32768 13632
32768 13664
32768 13696
32768 13728
32768 13760
32768 13792
32768 13824
32768 13856
32768 13888
32768 13920
32768 13952
32768 13984
32768 14016
32768 14048
32768 14080
32768 14112
32768 14144
32768 14176
32768 14208
32768 14240
32768 14272
32768 14304
32768 14336
32768 14368
32768 14400
32768 14432
32768 14464
32768 14496
32768 14528
32768 14560
32768 14592
32768 14624
32768 14656
32768 14688
32768 14720
32768 14752
32768 14784
32768 14816
32768 14848
32768 14880
32768 14912
32768 14944
32768 14976
32768 15008
32768 15040
32768 15072
32768 15104
32768 15136
32768 15168
32768 15200
32768 15232
32768 15264
32768 15296
32768 15328
32768 15360
32768 15392
32768 15424
32768 15456
32768 15488
32768 15520
32768 15552
32768 15584
32768 15616
32768 15648
32768 15680
32768 15712
32768 15744
32768 15776
32768 15808
32768 15840
32768 15872
32768 15904
32768 15936
32768 15968
32768 16000
32768 16032
32768 16064
32768 16096
32768 16128
32768 16160
32768 16192
32768 16224
32768 16256
32768 16288
32768 16320
32768 16352
32768 16384
32768 16416
32768 16448
32768 16480
32768 16512
32768 16544
32768 16576
32768 16608
32768 16640
32768 16672
32768 16704
32768 16736
32768 16768
32768 16800
32768 16832
32768 16864
32768 16896
32768 16928
32768 16960
32768 16992
32768 17024
32768 17056
32768 17088
32768 17120
32768 17152
32768 17184
32768 17216
32768 17248
32768 17280
32768 17312
32768 17344
32768 17376
32768 17408
32768 17440
32768 17472
32768 17504
32768 17536
32768 17568
32768 17600
32768 17632
32768 17664
32768 17696
32768 17728
32768 17760
32768 17792
32768 17824
32768 17856
32768 17888
32768 17920
32768 17952
32768 17984
32768 18016
32768 18048
32768 18080
32768 18112
32768 18144
32768 18176
32768 18208
32768 18240
32768 18272
32768 18304
32768 18336
32768 18368
32768 18400
32768 18432
32768 18464
32768 18496
32768 18528
32768 18560
32768 18592
32768 18624
32768 18656
32768 18688
32768 18720
32768 18752
32768 18784
32768 18816
32768 18848
32768 18880
32768 18912
32768 18944
32768 18976
32768 19008
32768 19040
32768 19072
32768 19104
32768 19136
32768 19168
32768 19200
32768 19232
32768 19264
32768 19296
32768 19328
32768 19360
32768 19392
32768 19424
32768 19456
32768 19488
32768 19520
32768 19552
32768 19584
32768 19616
32768 19648
32768 19680
32768 19712
32768 19744
32768 19776
32768 19808
32768 19840
32768 19872
32768 19904
32768 19936
32768 19968
32768 20000
32768 20032
32768 20064
32768 20096
32768 20128
32768 20160
32768 20192
32768 20224
32768 20256
32768 20288
32768 20320
32768 20352
32768 20384
32768 20416
32768 20448
32768 20480
32768 20512
32768 20544
32768 20576
32768 20608
32768 20640
32768 20672
32768 20704
32768 20736
32768 20768
32768 20800
32768 20832
32768 20864
32768 20896
32768 20928
32768 20960
32768 20992
32768 21024
32768 21056
32768 21088
32768 21120
32768 21152
32768 21184
32768 21216
32768 21248
32768 21280
32768 21312
32768 21344
32768 21376
32768 21408
32768 21440
32768 21472
32768 21504
32768 21536
32768 21568
32768 21600
32768 21632
32768 21664
32768 21696
32768 21728
32768 21760
32768 21792
32768 21824
32768 21856
32768 21888
32768 21920
32768 21952
32768 21984
32768 22016
32768 22048
32768 22080
32768 22112
32768 22144
32768 22176
32768 22208
32768 22240
32768 22272
32768 22304
32768 22336
32768 22368
32768 22400
32768 22432
32768 22464
32768 22496
32768 22528
32768 22560
32768 22592
32768 22624
32768 22656
32768 22688
32768 22720
32768 22752
32768 22784
32768 22816
32768 22848
32768 22880
32768 22912
32768 22944
32768 22976
32768 23008
32768 23040
32768 23072
32768 23104
32768 23136
32768 23168
32768 23200
32768 23232
32768 23264
32768 23296
32768 23328
32768 23360
32768 23392
32768 23424
32768 23456
32768 23488
32768 23520
32768 23552
32768 23584
32768 23616
32768 23648
32768 23680
32768 23712
32768 23744
32768 23776
32768 23808
32768 23840
32768 23872
32768 23904
32768 23936
32768 23968
32768 24000
32768 24032
32768 24064
32768 24096
32768 24128
32768 24160
32768 24192
32768 24224
32768 24256
32768 24288
32768 24320
32768 24352
32768 24384
32768 24416
32768 24448
32768 24480
32768 24512
32768 24544
32768 24576
32768 24608
32768 24640
32768 24672
32768 24704
32768 24736
32768 24768
32768 24800
32768 24832
32768 24864
32768 24896
32768 24928
32768 24960
32768 24992
32768 25024
32768 25056
32768 25088
32768 25120
32768 25152
32768 25184
32768 25216
32768 25248
32768 25280
32768 25312
32768 25344
32768 25376
32768 25408
32768 25440
32768 25472
32768 25504
32768 25536
32768 25568
32768 25600
32768 25632
32768 25664
32768 25696
32768 25728
32768 25760
32768 25792
32768 25824
32768 25856
32768 25888
32768 25920
32768 25952
32768 25984
32768 26016
32768 26048
32768 26080
32768 26112
32768 26144
32768 26176
32768 26208
32768 26240
32768 26272
32768 26304
32768 26336
32768 26368
32768 26400
32768 26432
32768 26464
32768 26496
32768 26528
32768 26560
32768 26592
32768 26624
32768 26656
32768 26688
32768 26720
32768 26752
32768 26784
32768 26816
32768 26848
32768 26880
32768 26912
32768 26944
32768 26976
32768 27008
32768 27040
32768 27072
32768 27104
32768 27136
32768 27168
32768 27200
32768 27232
32768 27264
32768 27296
32768 27328
32768 27360
32768 27392
32768 27424
32768 27456
32768 27488
32768 27520
32768 27552
32768 27584
32768 27616
32768 27648
32768 27680
32768 27712
32768 27744
32768 27776
32768 27808
32768 27840
32768 27872
32768 27904
32768 27936
32768 27968
32768 28000
32768 28032
32768 28064
32768 28096
32768 28128
32768 28160
32768 28192
32768 28224
32768 28256
32768 28288
32768 28320
32768 28352
32768 28384
32768 28416
32768 28448
32768 28480
32768 28512
32768 28544
32768 28576
32768 28608
32768 28640
32768 28672
32768 28704
32768 28736
32768 28768
32768 28800
32768 28832
32768 28864
32768 28896
32768 28928
32768 28960
32768 28992
32768 29024
32768 29056
32768 29088
32768 29120
32768 29152
32768 29184
32768 29216
32768 29248
32768 29280
32768 29312
32768 29344
32768 29376
32768 29408
32768 29440
32768 29472
32768 29504
32768 29536
32768 29568
32768 29600
32768 29632
32768 29664
32768 29696
32768 29728
32768 29760
32768 29792
32768 29824
32768 29856
32768 29888
32768 29920
32768 29952
32768 29984
32768 30016
32768 30048
32768 30080
32768 30112
32768 30144
32768 30176
32768 30208
32768 30240
32768 30272
32768 30304
32768 30336
32768 30368
32768 30400
32768 30432
32768 30464
32768 30496
32768 30528
32768 30560
32768 30592
32768 30624
32768 30656
32768 30688
32768 30720
32768 30752
32768 30784
32768 30816
32768 30848
32768 30880
32768 30912
32768 30944
32768 30976
32768 31008
32768 31040
32768 31072
32768 31104
32768 31136
32768 31168
32768 31200
32768 31232
32768 31264
32768 31296
32768 31328
32768 31360
32768 31392
32768 31424
32768 31456
32768 31488
32768 31520
32768 31552
32768 31584
32768 31616
32768 31648
32768 31680
32768 31712
32768 31744
32768 31776
32768 31808
32768 31840
32768 31872
32768 31904
32768 31936
32768 31968
32768 32000
32768 32032
32768 32064
32768 32096
32768 32128
32768 32160
32768 32192
32768 32224
32768 32256
32768 32288
32768 32320
32768 32352
32768 32384
32768 32416
32768 32448
32768 32480
32768 32512
32768 32544
32768 32576
32768 32608
32768 32640
32768 32672
32768 32704
32768 32736
32768 32768
32736 32768
32704 32768
32672 32768
32640 32768
32608 32768
32576 32768
32544 32768
32512 32768
32480 32768
32448 32768
32416 32768
32384 32768
32352 32768
32320 32768
32288 32768
32256 32768
32224 32768
32192 32768
32160 32768
32128 32768
32096 32768
32064 32768
32032 32768
32000 32768
31968 32768
31936 32768
31904 32768
31872 32768
31840 32768
31808 32768
31776 32768
31744 32768
31712 32768
31680 32768
31648 32768
31616 32768
31584 32768
31552 32768
31520 32768
31488 32768
31456 32768
31424 32768
31392 32768
31360 32768
31328 32768
31296 32768
31264 32768
31232 32768
31200 32768
31168 32768
31136 32768
31104 32768
31072 32768
31040 32768
31008 32768
30976 32768
30944 32768
30912 32768
30880 32768
30848 32768
30816 32768
30784 32768
30752 32768
30720 32768
30688 32768
30656 32768
30624 32768
30592 32768
30560 32768
30528 32768
30496 32768
30464 32768
30432 32768
30400 32768
30368 32768
30336 32768
30304 32768
30272 32768
30240 32768
30208 32768
30176 32768
30144 32768
30112 32768
30080 32768
30048 32768
30016 32768
29984 32768
29952 32768
29920 32768
29888 32768
29856 32768
29824 32768
29792 32768
29760 32768
29728 32768
29696 32768
29664 32768
29632 32768
29600 32768
29568 32768
29536 32768
29504 32768
29472 32768
29440 32768
29408 32768
29376 32768
29344 32768
29312 32768
29280 32768
29248 32768
29216 32768
29184 32768
29152 32768
29120 32768
29088 32768
29056 32768
29024 32768
28992 32768
28960 32768
28928 32768
28896 32768
28864 32768
28832 32768
28800 32768
28768 32768
28736 32768
28704 32768
28672 32768
28640 32768
28608 32768
28576 32768
28544 32768
28512 32768
28480 32768
28448 32768
28416 32768
28384 32768
28352 32768
28320 32768
28288 32768
28256 32768
28224 32768
28192 32768
28160 32768
28128 32768
28096 32768
28064 32768
28032 32768
28000 32768
27968 32768
27936 32768
27904 32768
27872 32768
27840 32768
27808 32768
27776 32768
27744 32768
27712 32768
27680 32768
27648 32768
27616 32768
27584 32768
27552 32768
27520 32768
27488 32768
27456 32768
27424 32768
27392 32768
27360 32768
27328 32768
27296 32768
27264 32768
27232 32768
27200 32768
27168 32768
27136 32768
27104 32768
27072 32768
27040 32768
27008 32768
26976 32768
26944 32768
26912 32768
26880 32768
26848 32768
26816 32768
26784 32768
26752 32768
26720 32768
26688 32768
26656 32768
26624 32768
26592 32768
26560 32768
26528 32768
26496 32768
26464 32768
26432 32768
26400 32768
26368 32768
26336 32768
26304 32768
26272 32768
26240 32768
26208 32768
26176 32768
26144 32768
26112 32768
26080 32768
26048 32768
26016 32768
25984 32768
25952 32768
25920 32768
25888 32768
25856 32768
25824 32768
25792 32768
25760 32768
25728 32768
25696 32768
25664 32768
25632 32768
25600 32768
25568 32768
25536 32768
25504 32768
25472 32768
25440 32768
25408 32768
25376 32768
25344 32768
25312 32768
25280 32768
25248 32768
25216 32768
25184 32768
25152 32768
25120 32768
25088 32768
25056 32768
25024 32768
24992 32768
24960 32768
24928 32768
24896 32768
24864 32768
24832 32768
24800 32768
24768 32768
24736 32768
24704 32768
24672 32768
24640 32768
24608 32768
24576 32768
24544 32768
24512 32768
24480 32768
24448 32768
24416 32768
24384 32768
24352 32768
24320 32768
24288 32768
24256 32768
24224 32768
24192 32768
24160 32768
24128 32768
24096 32768
24064 32768
24032 32768
24000 32768
23968 32768
23936 32768
23904 32768
23872 32768
23840 32768
23808 32768
23776 32768
23744 32768
23712 32768
23680 32768
23648 32768
23616 32768
23584 32768
23552 32768
23520 32768
23488 32768
23456 32768
23424 32768
23392 32768
23360 32768
23328 32768
23296 32768
23264 32768
23232 32768
23200 32768
23168 32768
23136 32768
23104 32768
23072 32768
23040 32768
23008 32768
22976 32768
22944 32768
22912 32768
22880 32768
22848 32768
22816 32768
22784 32768
22752 32768
22720 32768
22688 32768
22656 32768
22624 32768
22592 32768
22560 32768
22528 32768
22496 32768
22464 32768
22432 32768
22400 32768
22368 32768
22336 32768
22304 32768
22272 32768
22240 32768
22208 32768
22176 32768
22144 32768
22112 32768
22080 32768
22048 32768
22016 32768
21984 32768
21952 32768
21920 32768
21888 32768
21856 32768
21824 32768
21792 32768
21760 32768
21728 32768
21696 32768
21664 32768
21632 32768
21600 32768
21568 32768
21536 32768
21504 32768
21472 32768
21440 32768
21408 32768
21376 32768
21344 32768
21312 32768
21280 32768
21248 32768
21216 32768
21184 32768
21152 32768
21120 32768
21088 32768
21056 32768
21024 32768
20992 32768
20960 32768
20928 32768
20896 32768
20864 32768
20832 32768
20800 32768
20768 32768
20736 32768
20704 32768
20672 32768
20640 32768
20608 32768
20576 32768
20544 32768
20512 32768
20480 32768
20448 32768
20416 32768
20384 32768
20352 32768
20320 32768
20288 32768
20256 32768
20224 32768
20192 32768
20160 32768
20128 32768
20096 32768
20064 32768
20032 32768
20000 32768
19968 32768
19936 32768
19904 32768
19872 32768
19840 32768
19808 32768
19776 32768
19744 32768
19712 32768
19680 32768
19648 32768
19616 32768
19584 32768
19552 32768
19520 32768
19488 32768
19456 32768
19424 32768
19392 32768
19360 32768
19328 32768
19296 32768
19264 32768
19232 32768
19200 32768
19168 32768
19136 32768
19104 32768
19072 32768
19040 32768
19008 32768
18976 32768
18944 32768
18912 32768
18880 32768
18848 32768
18816 32768
18784 32768
18752 32768
18720 32768
18688 32768
18656 32768
18624 32768
18592 32768
18560 32768
18528 32768
18496 32768
18464 32768
18432 32768
18400 32768
18368 32768
18336 32768
18304 32768
18272 32768
18240 32768
18208 32768
18176 32768
18144 32768
18112 32768
18080 32768
18048 32768
18016 32768
17984 32768
17952 32768
17920 32768
17888 32768
17856 32768
17824 32768
17792 32768
17760 32768
17728 32768
17696 32768
17664 32768
17632 32768
17600 32768
17568 32768
17536 32768
17504 32768
17472 32768
17440 32768
17408 32768
17376 32768
17344 32768
17312 32768
17280 32768
17248 32768
17216 32768
17184 32768
17152 32768
17120 32768
17088 32768
17056 32768
17024 32768
16992 32768
16960 32768
16928 32768
16896 32768
16864 32768
16832 32768
16800 32768
16768 32768
16736 32768
16704 32768
16672 32768
16640 32768
16608 32768
16576 32768
16544 32768
16512 32768
16480 32768
16448 32768
16416 32768
16384 32768
16352 32768
16320 32768
16288 32768
16256 32768
16224 32768
16192 32768
16160 32768
16128 32768
16096 32768
16064 32768
16032 32768
16000 32768
15968 32768
15936 32768
15904 32768
15872 32768
15840 32768
15808 32768
15776 32768
15744 32768
15712 32768
15680 32768
15648 32768
15616 32768
15584 32768
15552 32768
15520 32768
15488 32768
15456 32768
15424 32768
15392 32768
15360 32768
15328 32768
15296 32768
15264 32768
15232 32768
15200 32768
15168 32768
15136 32768
15104 32768
15072 32768
15040 32768
15008 32768
14976 32768
14944 32768
14912 32768
14880 32768
14848 32768
14816 32768
14784 32768
14752 32768
14720 32768
14688 32768
14656 32768
14624 32768
14592 32768
14560 32768
14528 32768
14496 32768
14464 32768
14432 32768
14400 32768
14368 32768
14336 32768
14304 32768
14272 32768
14240 32768
14208 32768
14176 32768
14144 32768
14112 32768
14080 32768
14048 32768
14016 32768
13984 32768
13952 32768
13920 32768
13888 32768
13856 32768
13824 32768
13792 32768
13760 32768
13728 32768
13696 32768
13664 32768
13632 32768
13600 32768
13568 32768
13536 32768
13504 32768
13472 32768
13440 32768
13408 32768
13376 32768
13344 32768
13312 32768
13280 32768
13248 32768
13216 32768
13184 32768
13152 32768
13120 32768
13088 32768
13056 32768
13024 32768
12992 32768
12960 32768
12928 32768
12896 32768
12864 32768
12832 32768
12800 32768
12768 32768
12736 32768
12704 32768
12672 32768
12640 32768
12608 32768
12576 32768
12544 32768
12512 32768
12480 32768
12448 32768
12416 32768
12384 32768
12352 32768
12320 32768
12288 32768
12256 32768
12224 32768
12192 32768
12160 32768
12128 32768
12096 32768
12064 32768
12032 32768
12000 32768
11968 32768
11936 32768
11904 32768
11872 32768
11840 32768
11808 32768
11776 32768
11744 32768
11712 32768
11680 32768
11648 32768
11616 32768
11584 32768
11552 32768
11520 32768
11488 32768
11456 32768
11424 32768
11392 32768
11360 32768
11328 32768
11296 32768
11264 32768
11232 32768
11200 32768
11168 32768
11136 32768
11104 32768
11072 32768
11040 32768
11008 32768
10976 32768
10944 32768
10912 32768
10880 32768
10848 32768
10816 32768
10784 32768
10752 32768
10720 32768
10688 32768
10656 32768
10624 32768
10592 32768
10560 32768
10528 32768
10496 32768
10464 32768
10432 32768
10400 32768
10368 32768
10336 32768
10304 32768
10272 32768
10240 32768
10208 32768
10176 32768
10144 32768
10112 32768
10080 32768
10048 32768
10016 32768
9984 32768
9952 32768
9920 32768
9888 32768
9856 32768
9824 32768
9792 32768
9760 32768
9728 32768
9696 32768
9664 32768
9632 32768
9600 32768
9568 32768
9536 32768
9504 32768
9472 32768
9440 32768
9408 32768
9376 32768
9344 32768
9312 32768
9280 32768
9248 32768
9216 32768
9184 32768
9152 32768
9120 32768
9088 32768
9056 32768
9024 32768
8992 32768
8960 32768
8928 32768
8896 32768
8864 32768
8832 32768
8800 32768
8768 32768
8736 32768
8704 32768
8672 32768
8640 32768
8608 32768
8576 32768
8544 32768
8512 32768
8480 32768
8448 32768
8416 32768
8384 32768
8352 32768
8320 32768
8288 32768
8256 32768
8224 32768
8192 32768
8160 32768
8128 32768
8096 32768
8064 32768
8032 32768
8000 32768
7968 32768
7936 32768
7904 32768
7872 32768
7840 32768
7808 32768
7776 32768
7744 32768
7712 32768
7680 32768
7648 32768
7616 32768
7584 32768
7552 32768
7520 32768
7488 32768
7456 32768
7424 32768
7392 32768
7360 32768
7328 32768
7296 32768
7264 32768
7232 32768
7200 32768
7168 32768
7136 32768
7104 32768
7072 32768
7040 32768
7008 32768
6976 32768
6944 32768
6912 32768
6880 32768
6848 32768
6816 32768
6784 32768
6752 32768
6720 32768
6688 32768
6656 32768
6624 32768
6592 32768
6560 32768
6528 32768
6496 32768
6464 32768
6432 32768
6400 32768
6368 32768
6336 32768
6304 32768
6272 32768
6240 32768
6208 32768
6176 32768
6144 32768
6112 32768
6080 32768
6048 32768
6016 32768
5984 32768
5952 32768
5920 32768
5888 32768
5856 32768
5824 32768
5792 32768
5760 32768
5728 32768
5696 32768
5664 32768
5632 32768
5600 32768
5568 32768
5536 32768
5504 32768
5472 32768
5440 32768
5408 32768
5376 32768
5344 32768
5312 32768
5280 32768
5248 32768
5216 32768
5184 32768
5152 32768
5120 32768
5088 32768
5056 32768
5024 32768
4992 32768
4960 32768
4928 32768
4896 32768
4864 32768
4832 32768
4800 32768
4768 32768
4736 32768
4704 32768
4672 32768
4640 32768
4608 32768
4576 32768
4544 32768
4512 32768
4480 32768
4448 32768
4416 32768
4384 32768
4352 32768
4320 32768
4288 32768
4256 32768
4224 32768
4192 32768
4160 32768
4128 32768
4096 32768
4064 32768
4032 32768
4000 32768
3968 32768
3936 32768
3904 32768
3872 32768
3840 32768
3808 32768
3776 32768
3744 32768
3712 32768
3680 32768
3648 32768
3616 32768
3584 32768
3552 32768
3520 32768
3488 32768
3456 32768
3424 32768
3392 32768
3360 32768
3328 32768
3296 32768
3264 32768
3232 32768
3200 32768
3168 32768
3136 32768
3104 32768
3072 32768
3040 32768
3008 32768
2976 32768
2944 32768
2912 32768
2880 32768
2848 32768
2816 32768
2784 32768
2752 32768
2720 32768
2688 32768
2656 32768
2624 32768
2592 32768
2560 32768
2528 32768
2496 32768
2464 32768
2432 32768
2400 32768
2368 32768
2336 32768
2304 32768
2272 32768
2240 32768
2208 32768
2176 32768
2144 32768
2112 32768
2080 32768
2048 32768
2016 32768
1984 32768
1952 32768
1920 32768
1888 32768
1856 32768
1824 32768
1792 32768
1760 32768
1728 32768
1696 32768
1664 32768
1632 32768
1600 32768
1568 32768
1536 32768
1504 32768
1472 32768
1440 32768
1408 32768
1376 32768
1344 32768
1312 32768
1280 32768
1248 32768
1216 32768
1184 32768
1152 32768
1120 32768
1088 32768
1056 32768
1024 32768
992 32768
960 32768
928 32768
896 32768
864 32768
832 32768
800 32768
768 32768
736 32768
704 32768
672 32768
640 32768
608 32768
576 32768
544 32768
512 32768
480 32768
448 32768
416 32768
384 32768
352 32768
320 32768
288 32768
256 32768
224 32768
192 32768
160 32768
128 32768
96 32768
64 32768
32 32768
0 32768
0 32736
0 32704
0 32672
0 32640
0 32608
0 32576
0 32544
0 32512
0 32480
0 32448
0 32416
0 32384
0 32352
0 32320
0 32288
0 32256
0 32224
0 32192
0 32160
0 32128
0 32096
0 32064
0 32032
0 32000
0 31968
0 31936
0 31904
0 31872
0 31840
0 31808
0 31776
0 31744
0 31712
0 31680
0 31648
0 31616
0 31584
0 31552
0 31520
0 31488
0 31456
0 31424
0 31392
0 31360
0 31328
0 31296
0 31264
0 31232
0 31200
0 31168
0 31136
0 31104
0 31072
0 31040
0 31008
0 30976
0 30944
0 30912
0 30880
0 30848
0 30816
0 30784
0 30752
0 30720
0 30688
0 30656
0 30624
0 30592
0 30560
0 30528
0 30496
0 30464
0 30432
0 30400
0 30368
0 30336
0 30304
0 30272
0 30240
0 30208
0 30176
0 30144
0 30112
0 30080
0 30048
0 30016
0 29984
0 29952
0 29920
0 29888
0 29856
0 29824
0 29792
0 29760
0 29728
0 29696
0 29664
0 29632
0 29600
0 29568
0 29536
0 29504
0 29472
0 29440
0 29408
0 29376
0 29344
0 29312
0 29280
0 29248
0 29216
0 29184
0 29152
0 29120
0 29088
0 29056
0 29024
0 28992
0 28960
0 28928
0 28896
0 28864
0 28832
0 28800
0 28768
0 28736
0 28704
0 28672
0 28640
0 28608
0 28576
0 28544
0 28512
0 28480
0 28448
0 28416
0 28384
0 28352
0 28320
0 28288
0 28256
0 28224
0 28192
0 28160
0 28128
0 28096
0 28064
0 28032
0 28000
0 27968
0 27936
0 27904
0 27872
0 27840
0 27808
0 27776
0 27744
0 27712
0 27680
0 27648
0 27616
0 27584
0 27552
0 27520
0 27488
0 27456
0 27424
0 27392
0 27360
0 27328
0 27296
0 27264
0 27232
0 27200
0 27168
0 27136
0 27104
0 27072
0 27040
0 27008
0 26976
0 26944
0 26912
0 26880
0 26848
0 26816
0 26784
0 26752
0 26720
0 26688
0 26656
0 26624
0 26592
0 26560
0 26528
0 26496
0 26464
0 26432
0 26400
0 26368
0 26336
0 26304
0 26272
0 26240
0 26208
0 26176
0 26144
0 26112
0 26080
0 26048
0 26016
0 25984
0 25952
0 25920
0 25888
0 25856
0 25824
0 25792
0 25760
0 25728
0 25696
0 25664
0 25632
0 25600
0 25568
0 25536
0 25504
0 25472
0 25440
0 25408
0 25376
0 25344
0 25312
0 25280
0 25248
0 25216
0 25184
0 25152
0 25120
0 25088
0 25056
0 25024
0 24992
0 24960
0 24928
0 24896
0 24864
0 24832
0 24800
0 24768
0 24736
0 24704
0 24672
0 24640
0 24608
0 24576
0 24544
0 24512
0 24480
0 24448
0 24416
0 24384
0 24352
0 24320
0 24288
0 24256
0 24224
0 24192
0 24160
0 24128
0 24096
0 24064
0 24032
0 24000
0 23968
0 23936
0 23904
0 23872
0 23840
0 23808
0 23776
0 23744
0 23712
0 23680
0 23648
0 23616
0 23584
0 23552
0 23520
0 23488
0 23456
0 23424
0 23392
0 23360
0 23328
0 23296
0 23264
0 23232
0 23200
0 23168
0 23136
0 23104
0 23072
0 23040
0 23008
0 22976
0 22944
0 22912
0 22880
0 22848
0 22816
0 22784
0 22752
0 22720
0 22688
0 22656
0 22624
0 22592
0 22560
0 22528
0 22496
0 22464
0 22432
0 22400
0 22368
0 22336
0 22304
0 22272
0 22240
0 22208
0 22176
0 22144
0 22112
0 22080
0 22048
0 22016
0 21984
0 21952
0 21920
0 21888
0 21856
0 21824
0 21792
0 21760
0 21728
0 21696
0 21664
0 21632
0 21600
0 21568
0 21536
0 21504
0 21472
0 21440
0 21408
0 21376
0 21344
0 21312
0 21280
0 21248
0 21216
0 21184
0 21152
0 21120
0 21088
0 21056
0 21024
0 20992
0 20960
0 20928
0 20896
0 20864
0 20832
0 20800
0 20768
0 20736
0 20704
0 20672
0 20640
0 20608
0 20576
0 20544
0 20512
0 20480
0 20448
0 20416
0 20384
0 20352
0 20320
0 20288
0 20256
0 20224
0 20192
0 20160
0 20128
0 20096
0 20064
0 20032
0 20000
0 19968
0 19936
0 19904
0 19872
0 19840
0 19808
0 19776
0 19744
0 19712
0 19680
0 19648
0 19616
0 19584
0 19552
0 19520
0 19488
0 19456
0 19424
0 19392
0 19360
0 19328
0 19296
0 19264
0 19232
0 19200
0 19168
0 19136
0 19104
0 19072
0 19040
0 19008
0 18976
0 18944
0 18912
0 18880
0 18848
0 18816
0 18784
0 18752
0 18720
0 18688
0 18656
0 18624
0 18592
0 18560
0 18528
0 18496
0 18464
0 18432
0 18400
0 18368
0 18336
0 18304
0 18272
0 18240
0 18208
0 18176
0 18144
0 18112
0 18080
0 18048
0 18016
0 17984
0 17952
0 17920
0 17888
0 17856
0 17824
0 17792
0 17760
0 17728
0 17696
0 17664
0 17632
0 17600
0 17568
0 17536
0 17504
0 17472
0 17440
0 17408
0 17376
0 17344
0 17312
0 17280
0 17248
0 17216
0 17184
0 17152
0 17120
0 17088
0 17056
0 17024
0 16992
0 16960
0 16928
0 16896
0 16864
0 16832
0 16800
0 16768
0 16736
0 16704
0 16672
0 16640
0 16608
0 16576
0 16544
0 16512
0 16480
0 16448
0 16416
0 16384
0 16352
0 16320
0 16288
0 16256
0 16224
0 16192
0 16160
0 16128
0 16096
0 16064
0 16032
0 16000
0 15968
0 15936
0 15904
0 15872
0 15840
0 15808
0 15776
0 15744
0 15712
0 15680
0 15648
0 15616
0 15584
0 15552
0 15520
0 15488
0 15456
0 15424
0 15392
0 15360
0 15328
0 15296
0 15264
0 15232
0 15200
0 15168
0 15136
0 15104
0 15072
0 15040
0 15008
0 14976
0 14944
0 14912
0 14880
0 14848
0 14816
0 14784
0 14752
0 14720
0 14688
0 14656
0 14624
0 14592
0 14560
0 14528
0 14496
0 14464
0 14432
0 14400
0 14368
0 14336
0 14304
0 14272
0 14240
0 14208
0 14176
0 14144
0 14112
0 14080
0 14048
0 14016
0 13984
0 13952
0 13920
0 13888
0 13856
0 13824
0 13792
0 13760
0 13728
0 13696
0 13664
0 13632
0 13600
0 13568
0 13536
0 13504
0 13472
0 13440
0 13408
0 13376
0 13344
0 13312
0 13280
0 13248
0 13216
0 13184
0 13152
0 13120
0 13088
0 13056
0 13024
0 12992
0 12960
0 12928
0 12896
0 12864
0 12832
0 12800
0 12768
0 12736
0 12704
0 12672
0 12640
0 12608
0 12576
0 12544
0 12512
0 12480
0 12448
0 12416
0 12384
0 12352
0 12320
0 12288
0 12256
0 12224
0 12192
0 12160
0 12128
0 12096
0 12064
0 12032
0 12000
0 11968
0 11936
0 11904
0 11872
0 11840
0 11808
0 11776
0 11744
0 11712
0 11680
0 11648
0 11616
0 11584
0 11552
0 11520
0 11488
0 11456
0 11424
0 11392
0 11360
0 11328
0 11296
0 11264
0 11232
0 11200
0 11168
0 11136
0 11104
0 11072
0 11040
0 11008
0 10976
0 10944
0 10912
0 10880
0 10848
0 10816
0 10784
0 10752
0 10720
0 10688
0 10656
0 10624
0 10592
0 10560
0 10528
0 10496
0 10464
0 10432
0 10400
0 10368
0 10336
0 10304
0 10272
0 10240
0 10208
0 10176
0 10144
0 10112
0 10080
0 10048
0 10016
0 9984
0 9952
0 9920
0 9888
0 9856
0 9824
0 9792
0 9760
0 9728
0 9696
0 9664
0 9632
0 9600
0 9568
0 9536
0 9504
0 9472
0 9440
0 9408
0 9376
0 9344
0 9312
0 9280
0 9248
0 9216
0 9184
0 9152
0 9120
0 9088
0 9056
0 9024
0 8992
0 8960
0 8928
0 8896
0 8864
0 8832
0 8800
0 8768
0 8736
0 8704
0 8672
0 8640
0 8608
0 8576
0 8544
0 8512
0 8480
0 8448
0 8416
0 8384
0 8352
0 8320
0 8288
0 8256
0 8224
0 8192
0 8160
0 8128
0 8096
0 8064
0 8032
0 8000
0 7968
0 7936
0 7904
0 7872
0 7840
0 7808
0 7776
0 7744
0 7712
0 7680
0 7648
0 7616
0 7584
0 7552
0 7520
0 7488
0 7456
0 7424
0 7392
0 7360
0 7328
0 7296
0 7264
0 7232
0 7200
0 7168
0 7136
0 7104
0 7072
0 7040
0 7008
0 6976
0 6944
0 6912
0 6880
0 6848
0 6816
0 6784
0 6752
0 6720
0 6688
0 6656
0 6624
0 6592
0 6560
0 6528
0 6496
0 6464
0 6432
0 6400
0 6368
0 6336
0 6304
0 6272
0 6240
0 6208
0 6176
0 6144
0 6112
0 6080
0 6048
0 6016
0 5984
0 5952
0 5920
0 5888
0 5856
0 5824
0 5792
0 5760
0 5728
0 5696
0 5664
0 5632
0 5600
0 5568
0 5536
0 5504
0 5472
0 5440
0 5408
0 5376
0 5344
0 5312
0 5280
0 5248
0 5216
0 5184
0 5152
0 5120
0 5088
0 5056
0 5024
0 4992
0 4960
0 4928
0 4896
0 4864
0 4832
0 4800
0 4768
0 4736
0 4704
0 4672
0 4640
0 4608
0 4576
0 4544
0 4512
0 4480
0 4448
0 4416
0 4384
0 4352
0 4320
0 4288
0 4256
0 4224
0 4192
0 4160
0 4128
0 4096
0 4064
0 4032
0 4000
0 3968
0 3936
0 3904
0 3872
0 3840
0 3808
0 3776
0 3744
0 3712
0 3680
0 3648
0 3616
0 3584
0 3552
0 3520
0 3488
0 3456
0 3424
0 3392
0 3360
0 3328
0 3296
0 3264
0 3232
0 3200
0 3168
0 3136
0 3104
0 3072
0 3040
0 3008
0 2976
0 2944
0 2912
0 2880
0 2848
0 2816
0 2784
0 2752
0 2720
0 2688
0 2656
0 2624
0 2592
0 2560
0 2528
0 2496
0 2464
0 2432
0 2400
0 2368
0 2336
0 2304
0 2272
0 2240
0 2208
0 2176
0 2144
0 2112
0 2080
0 2048
0 2016
0 1984
0 1952
0 1920
0 1888
0 1856
0 1824
0 1792
0 1760
0 1728
0 1696
0 1664
0 1632
0 1600
0 1568
0 1536
0 1504
0 1472
0 1440
0 1408
0 1376
0 1344
0 1312
0 1280
0 1248
0 1216
0 1184
0 1152
0 1120
0 1088
0 1056
0 1024
0 992
0 960
0 928
0 896
0 864
0 832
0 800
0 768
0 736
0 704
0 672
0 640
0 608
0 576
0 544
0 512
0 480
0 448
0 416
0 384
0 352
0 320
0 288
0 256
0 224
0 192
0 160
0 128
0 96
0 64
0 32
